Evaluations,Fitness
1,5454475.756586
8,4960561.523246
20,4404093.426249
44,4368211.531776
55,4355473.418626
74,3617308.462664
85,3414028.600748
99,2877862.081361
111,2416988.357496
143,2237425.467391
148,2197742.148199
170,1923740.508623
175,1915835.140388
185,1743059.242867
198,1679353.691446
200,1587239.255931
205,1577874.585561
218,1453969.375291
231,1258109.212060
244,1207322.066237
263,1107508.145364
274,1097698.669836
291,1081128.060193
293,950777.357786
302,799937.170021
323,675614.680083
356,621700.269818
394,578402.778084
424,390160.851166
455,362494.674962
481,318137.401885
485,290361.189243
554,287481.866317
565,250040.276809
569,224973.078783
593,211331.711560
599,208625.529862
604,133274.188335
627,130226.369102
670,118541.681018
700,108996.637154
728,105420.258952
730,99837.831807
734,98217.341443
740,87881.143510
760,67011.580327
781,65552.681760
788,60603.844814
789,58755.566867
807,56119.597987
821,54711.269363
822,49663.599040
837,38396.966369
860,33761.613463
907,33603.146593
915,23765.149827
955,22055.414994
981,17968.021590
995,13576.462205
1019,12288.813018
1031,11805.753637
1055,11050.759889
1066,10187.279276
1074,10133.341384
1091,9319.076592
1116,7492.453016
1124,7290.047263
1150,6399.709775
1151,6398.492930
1153,6126.403989
1162,5324.295941
1173,4820.182997
1203,4258.530826
1233,3512.391557
1241,3316.582735
1274,3047.504154
1285,2984.277161
1290,2535.201239
1319,2473.706325
1338,2401.829991
1339,2369.278367
1352,2363.686670
1358,1844.715999
1390,1815.411106
1396,1702.858345
1399,1693.398787
1408,1592.119504
1411,1357.076591
1419,1349.260987
1434,1311.070218
1440,1277.989162
1449,1265.358974
1456,1183.940813
1460,966.592675
1470,645.615342
1510,591.774941
1512,582.732499
1515,482.135332
1545,384.401988
1550,378.633933
1579,371.364666
1590,330.847111
1600,297.786866
1623,270.209446
1625,208.179147
1656,187.616042
1674,162.328286
1705,148.882055
1721,115.702295
1755,103.338453
1762,100.599661
1764,92.717917
1778,90.632932
1786,79.416789
1791,78.441748
1795,73.434023
1798,72.928723
1802,71.578384
1811,65.775058
1821,48.947320
1851,48.292413
1858,46.167402
1882,44.521937
1888,33.462302
1919,30.233802
1923,27.682958
1944,26.998865
1954,25.434301
1955,25.372370
1972,23.929819
1974,22.054744
1994,20.601563
1997,20.293328
2005,20.026557
2020,19.948046
2027,18.144221
2031,17.762832
2035,17.090969
2056,16.136778
2061,15.789898
2062,15.232039
2065,14.300187
2077,11.898490
2087,10.304606
2094,8.969919
2115,8.873954
2116,7.460514
2145,6.929582
2154,5.303588
2175,5.088609
2185,4.751197
2203,4.560040
2210,4.543153
2218,4.098830
2232,3.246849
2237,2.679482
2244,2.421074
2258,2.355260
2262,1.722383
2278,1.208257
2279,1.077246
2309,1.072287
2318,0.988337
2327,0.933921
2338,0.771891
2354,0.733304
2355,0.642800
2369,0.639822
2378,0.624349
2382,0.545487
2398,0.451233
2399,0.409005
2404,0.370165
2424,0.362800
2426,0.361903
2429,0.350340
2432,0.349887
2433,0.258984
2459,0.232177
2470,0.196482
2480,0.193881
2484,0.166626
2517,0.111877
2540,0.111040
2553,0.104140
2564,0.080315
2581,0.074839
2584,0.060453
2594,0.050286
2597,0.043095
2611,0.042152
2627,0.030811
2661,0.029323
2667,0.029298
2674,0.027692
2697,0.025360
2699,0.024261
2702,0.022540
2714,0.021039
2724,0.019671
2732,0.018476
2735,0.017814
2739,0.016176
2768,0.015439
2775,0.014052
2786,0.013595
2793,0.010061
2794,0.008379
2818,0.008321
2821,0.007025
2822,0.004976
2830,0.004675
2835,0.004505
2850,0.004241
2863,0.004069
2867,0.003827
2897,0.003107
2909,0.003022
2917,0.002964
2919,0.002882
2922,0.002489
2927,0.002315
2946,0.001785
2953,0.001598
2963,0.001339
2976,0.001211
3004,0.001009
3008,0.000972
3030,0.000892
3036,0.000776
3052,0.000760
3060,0.000574
3065,0.000556
3073,0.000523
3084,0.000502
3099,0.000443
3103,0.000415
3118,0.000387
3129,0.000380
3136,0.000379
3139,0.000366
3148,0.000336
3150,0.000277
3175,0.000271
3176,0.000268
3179,0.000258
3186,0.000240
3201,0.000194
3207,0.000156
3227,0.000136
3237,0.000112
3251,0.000103
3254,0.000080
3271,0.000074
3285,0.000067
3287,0.000065
3289,0.000062
3294,0.000059
3326,0.000053
3337,0.000047
3350,0.000046
3354,0.000044
3356,0.000035
3390,0.000033
3396,0.000032
3399,0.000031
3403,0.000031
3405,0.000030
3407,0.000030
3411,0.000021
3415,0.000020
3429,0.000019
3432,0.000018
3435,0.000018
3445,0.000017
3459,0.000015
3465,0.000015
3474,0.000013
3482,0.000013
3489,0.000012
3492,0.000010
3496,0.000009
3499,0.000009
3504,0.000008
3505,0.000007
3512,0.000006
3529,0.000005
3543,0.000005
3547,0.000004
3573,0.000003
3577,0.000003
3581,0.000003
3588,0.000003
3601,0.000003
3604,0.000002
3619,0.000002
3634,0.000002
3642,0.000001
3659,0.000001
3674,0.000001
3689,0.000001
3690,0.000001
3703,0.000001
3706,0.000001
3712,0.000001
3725,0.000001
3729,0.000001
3734,0.000001
3742,0.000001
3747,0.000000
3749,0.000000
3754,0.000000
3777,0.000000
3791,0.000000
3800,0.000000
3809,0.000000
3815,0.000000
3819,0.000000
3830,0.000000
3849,0.000000
3850,0.000000
3854,0.000000
3867,0.000000
3869,0.000000
3875,0.000000
3880,0.000000
3897,0.000000
3900,0.000000
3929,0.000000
3936,0.000000
3937,0.000000
3942,0.000000
3949,0.000000
3951,0.000000
3953,0.000000
3968,0.000000
3978,0.000000
3979,0.000000
3981,0.000000
3987,0.000000
3989,0.000000
3997,0.000000
4003,0.000000
4021,0.000000
4022,0.000000
4036,0.000000
4038,0.000000
4042,0.000000
4048,0.000000
4067,0.000000
4070,0.000000
4084,0.000000
4100,0.000000
4106,0.000000
4121,0.000000
4129,0.000000
4143,0.000000
4153,0.000000
4154,0.000000
4177,0.000000
4191,0.000000
4198,0.000000
4201,0.000000
4225,0.000000
4231,0.000000
4259,0.000000
4263,0.000000
4273,0.000000
4279,0.000000
4286,0.000000
4290,0.000000
4303,0.000000
4313,0.000000
4317,0.000000
4324,0.000000
4326,0.000000
4333,0.000000
4341,0.000000
4347,0.000000
4348,0.000000
4349,0.000000
4354,0.000000
4356,0.000000
4368,0.000000
4372,0.000000
4383,0.000000
4395,0.000000
4416,0.000000
4425,0.000000
4439,0.000000
4447,0.000000
4461,0.000000
4463,0.000000
4469,0.000000
4470,0.000000
4473,0.000000
4493,0.000000
4494,0.000000
4499,0.000000
4501,0.000000
4512,0.000000
4514,0.000000
4518,0.000000
4523,0.000000
4526,0.000000
4528,0.000000
4541,0.000000
4557,0.000000
4563,0.000000
4573,0.000000
4578,0.000000
4580,0.000000
4587,0.000000
4589,0.000000
4591,0.000000
4619,0.000000
4621,0.000000
4631,0.000000
4637,0.000000
4639,0.000000
4657,0.000000
4660,0.000000
4669,0.000000
4675,0.000000
4685,0.000000
4696,0.000000
4714,0.000000
4723,0.000000
4726,0.000000
4732,0.000000
4741,0.000000
4751,0.000000
4754,0.000000
4755,0.000000
4768,0.000000
4781,0.000000
4783,0.000000
4796,0.000000
4811,0.000000
4818,0.000000
4824,0.000000
4833,0.000000
4848,0.000000
4859,0.000000
4860,0.000000
4862,0.000000
4873,0.000000
4879,0.000000
4888,0.000000
4890,0.000000
4893,0.000000
4909,0.000000
4919,0.000000
4921,0.000000
4923,0.000000
4929,0.000000
4938,0.000000
4940,0.000000
4941,0.000000
4945,0.000000
4950,0.000000
4962,0.000000
4969,0.000000
4987,0.000000
4996,0.000000
4999,0.000000
5000,0.000000
5007,0.000000
5008,0.000000
5034,0.000000
5042,0.000000
5047,0.000000
5049,0.000000
5050,0.000000
5062,0.000000
5063,0.000000
5080,0.000000
5086,0.000000
5092,0.000000
5096,0.000000
5098,0.000000
5104,0.000000
5110,0.000000
5116,0.000000
5118,0.000000
5128,0.000000
5146,0.000000
5150,0.000000
5152,0.000000
5159,0.000000
5161,0.000000
5172,0.000000
5177,0.000000
5195,0.000000
5202,0.000000
5210,0.000000
5213,0.000000
5215,0.000000
5217,0.000000
5225,0.000000
5232,0.000000
5237,0.000000
5263,0.000000
5271,0.000000
5274,0.000000
5283,0.000000
5285,0.000000
5303,0.000000
5314,0.000000
5317,0.000000
5321,0.000000
5324,0.000000
5335,0.000000
5338,0.000000
5344,0.000000
5365,0.000000
5368,0.000000
5375,0.000000
5379,0.000000
5382,0.000000
5391,0.000000
5395,0.000000
5403,0.000000
5404,0.000000
5412,0.000000
5419,0.000000
5421,0.000000
5428,0.000000
5431,0.000000
5433,0.000000
5434,0.000000
5435,0.000000
5436,0.000000
5437,0.000000
5442,0.000000
5443,0.000000
5446,0.000000
5453,0.000000
5454,0.000000
5460,0.000000
5462,0.000000
5476,0.000000
5477,0.000000
5484,0.000000
5500,0.000000
5513,0.000000
5518,0.000000
5521,0.000000
5524,0.000000
5535,0.000000
5538,0.000000
5541,0.000000
5543,0.000000
5552,0.000000
5555,0.000000
5556,0.000000
5564,0.000000
5565,0.000000
5569,0.000000
5579,0.000000
5583,0.000000
5587,0.000000
5595,0.000000
5604,0.000000
5606,0.000000
5609,0.000000
5612,0.000000
5615,0.000000
5618,0.000000
5626,0.000000
5629,0.000000
5631,0.000000
5640,0.000000
5646,0.000000
5657,0.000000
5658,0.000000
5659,0.000000
5663,0.000000
5666,0.000000
5669,0.000000
5684,0.000000
5693,0.000000
5703,0.000000
5704,0.000000
5712,0.000000
5714,0.000000
5722,0.000000
5723,0.000000
5735,0.000000
5739,0.000000
5750,0.000000
5772,0.000000
5775,0.000000
5778,0.000000
5781,0.000000
5782,0.000000
5795,0.000000
5797,0.000000
5813,0.000000
5817,0.000000
5821,0.000000
5824,0.000000
5829,0.000000
5832,0.000000
5849,0.000000
5855,0.000000
5865,0.000000
5872,0.000000
5875,0.000000
5887,0.000000
5897,0.000000
5901,0.000000
5903,0.000000
5910,0.000000
5912,0.000000
5922,0.000000
5927,0.000000
5932,0.000000
5941,0.000000
5942,0.000000
5950,0.000000
5960,0.000000
5961,0.000000
5963,0.000000
5972,0.000000
5974,0.000000
5980,0.000000
5994,0.000000
5999,0.000000
6012,0.000000
6013,0.000000
6014,0.000000
6020,0.000000
6024,0.000000
6037,0.000000
6048,0.000000
6066,0.000000
6069,0.000000
6071,0.000000
6074,0.000000
6080,0.000000
6084,0.000000
6094,0.000000
6097,0.000000
6100,0.000000
6102,0.000000
6111,0.000000
6112,0.000000
6114,0.000000
6118,0.000000
6123,0.000000
6132,0.000000
6136,0.000000
6137,0.000000
6143,0.000000
6144,0.000000
6148,0.000000
6154,0.000000
6162,0.000000
6182,0.000000
6183,0.000000
6185,0.000000
6186,0.000000
6187,0.000000
6189,0.000000
6190,0.000000
6200,0.000000
6201,0.000000
6206,0.000000
6207,0.000000
6212,0.000000
6214,0.000000
6237,0.000000
6242,0.000000
6244,0.000000
6250,0.000000
6254,0.000000
6261,0.000000
6269,0.000000
6282,0.000000
6283,0.000000
6285,0.000000
6291,0.000000
6295,0.000000
6307,0.000000
6310,0.000000
6318,0.000000
6324,0.000000
6325,0.000000
6331,0.000000
6333,0.000000
6346,0.000000
6351,0.000000
6357,0.000000
6360,0.000000
6362,0.000000
6363,0.000000
6367,0.000000
6371,0.000000
6375,0.000000
6379,0.000000
6381,0.000000
6383,0.000000
6388,0.000000
6391,0.000000
6397,0.000000
6398,0.000000
6401,0.000000
6405,0.000000
6413,0.000000
6421,0.000000
6435,0.000000
6440,0.000000
6443,0.000000
6448,0.000000
6452,0.000000
6455,0.000000
6460,0.000000
6461,0.000000
6463,0.000000
6476,0.000000
6484,0.000000
6492,0.000000
6494,0.000000
6496,0.000000
6517,0.000000
6519,0.000000
6524,0.000000
6526,0.000000
6539,0.000000
6541,0.000000
6546,0.000000
6548,0.000000
6549,0.000000
6551,0.000000
6553,0.000000
6554,0.000000
6555,0.000000
6556,0.000000
6567,0.000000
6579,0.000000
6583,0.000000
6585,0.000000
6590,0.000000
6606,0.000000
6608,0.000000
6610,0.000000
6614,0.000000
6615,0.000000
6622,0.000000
6627,0.000000
6644,0.000000
6645,0.000000
6651,0.000000
6654,0.000000
6655,0.000000
6660,0.000000
6661,0.000000
6664,0.000000
6675,0.000000
6698,0.000000
6702,0.000000
6703,0.000000
6704,0.000000
6714,0.000000
6718,0.000000
6720,0.000000
6722,0.000000
6730,0.000000
6736,0.000000
6744,0.000000
6755,0.000000
6766,0.000000
6771,0.000000
6777,0.000000
6781,0.000000
6785,0.000000
6791,0.000000
6796,0.000000
6802,0.000000
6807,0.000000
6808,0.000000
6810,0.000000
6814,0.000000
6825,0.000000
6829,0.000000
6834,0.000000
6837,0.000000
6845,0.000000
6846,0.000000
6849,0.000000
6859,0.000000
6861,0.000000
6862,0.000000
6864,0.000000
6868,0.000000
6872,0.000000
6874,0.000000
6882,0.000000
6888,0.000000
6894,0.000000
6897,0.000000
6900,0.000000
6902,0.000000
6907,0.000000
6912,0.000000
6913,0.000000
6918,0.000000
6924,0.000000
6926,0.000000
6927,0.000000
6931,0.000000
6939,0.000000
6949,0.000000
6954,0.000000
6958,0.000000
6969,0.000000
6974,0.000000
6975,0.000000
6985,0.000000
6987,0.000000
6988,0.000000
6990,0.000000
7003,0.000000
7005,0.000000
7008,0.000000
7012,0.000000
7013,0.000000
7014,0.000000
7015,0.000000
7016,0.000000
7019,0.000000
7022,0.000000
7026,0.000000
7043,0.000000
7047,0.000000
7052,0.000000
7059,0.000000
7061,0.000000
7068,0.000000
7073,0.000000
7076,0.000000
7093,0.000000
7099,0.000000
7100,0.000000
7105,0.000000
7117,0.000000
7125,0.000000
7126,0.000000
7127,0.000000
7130,0.000000
7144,0.000000
7146,0.000000
7154,0.000000
7160,0.000000
7170,0.000000
7171,0.000000
7179,0.000000
7186,0.000000
7191,0.000000
7197,0.000000
7200,0.000000
7202,0.000000
7204,0.000000
7213,0.000000
7215,0.000000
7218,0.000000
7221,0.000000
7237,0.000000
7244,0.000000
7248,0.000000
7249,0.000000
7251,0.000000
7252,0.000000
7253,0.000000
7264,0.000000
7270,0.000000
7275,0.000000
7276,0.000000
7281,0.000000
7289,0.000000
7291,0.000000
7292,0.000000
7306,0.000000
7308,0.000000
7313,0.000000
7317,0.000000
7322,0.000000
7327,0.000000
7328,0.000000
7330,0.000000
7335,0.000000
7341,0.000000
7342,0.000000
7350,0.000000
7354,0.000000
7360,0.000000
7366,0.000000
7372,0.000000
7384,0.000000
7385,0.000000
7386,0.000000
7389,0.000000
7396,0.000000
7401,0.000000
7405,0.000000
7410,0.000000
7415,0.000000
7424,0.000000
7428,0.000000
7435,0.000000
7439,0.000000
7444,0.000000
7447,0.000000
7454,0.000000
7461,0.000000
7462,0.000000
7465,0.000000
7471,0.000000
7486,0.000000
7502,0.000000
7504,0.000000
7519,0.000000
7521,0.000000
7524,0.000000
7532,0.000000
7534,0.000000
7535,0.000000
7538,0.000000
7549,0.000000
7553,0.000000
7574,0.000000
7575,0.000000
7577,0.000000
7581,0.000000
7583,0.000000
7589,0.000000
7594,0.000000
7597,0.000000
7609,0.000000
7610,0.000000
7619,0.000000
7624,0.000000
7632,0.000000
7635,0.000000
7643,0.000000
7644,0.000000
7645,0.000000
7647,0.000000
7653,0.000000
7660,0.000000
7661,0.000000
7666,0.000000
7674,0.000000
7676,0.000000
7679,0.000000
7686,0.000000
7687,0.000000
7695,0.000000
7696,0.000000
7697,0.000000
7712,0.000000
7714,0.000000
7715,0.000000
7716,0.000000
7718,0.000000
7721,0.000000
7724,0.000000
7725,0.000000
7726,0.000000
7739,0.000000
7740,0.000000
7744,0.000000
7746,0.000000
7753,0.000000
7757,0.000000
7758,0.000000
7762,0.000000
7766,0.000000
7772,0.000000
7779,0.000000
7787,0.000000
7788,0.000000
7790,0.000000
7795,0.000000
7797,0.000000
7799,0.000000
7802,0.000000
7803,0.000000
7817,0.000000
7827,0.000000
7829,0.000000
7831,0.000000
7832,0.000000
7834,0.000000
7840,0.000000
7847,0.000000
7849,0.000000
7850,0.000000
7852,0.000000
7853,0.000000
7859,0.000000
7870,0.000000
7875,0.000000
7878,0.000000
7880,0.000000
7881,0.000000
7892,0.000000
7893,0.000000
7904,0.000000
7913,0.000000
7920,0.000000
7921,0.000000
7923,0.000000
7928,0.000000
7929,0.000000
7931,0.000000
7942,0.000000
7949,0.000000
7951,0.000000
7953,0.000000
7962,0.000000
7963,0.000000
7966,0.000000
7970,0.000000
7972,0.000000
7973,0.000000
7981,0.000000
7984,0.000000
7990,0.000000
7998,0.000000
8001,0.000000
8002,0.000000
8003,0.000000
8008,0.000000
8013,0.000000
8014,0.000000
8017,0.000000
8018,0.000000
8021,0.000000
8025,0.000000
8028,0.000000
8033,0.000000
8034,0.000000
8035,0.000000
8039,0.000000
8048,0.000000
8050,0.000000
8052,0.000000
8061,0.000000
8062,0.000000
8065,0.000000
8068,0.000000
8072,0.000000
8080,0.000000
8082,0.000000
8088,0.000000
8098,0.000000
8107,0.000000
8114,0.000000
8121,0.000000
8122,0.000000
8127,0.000000
8129,0.000000
8130,0.000000
8135,0.000000
8137,0.000000
8144,0.000000
8160,0.000000
8161,0.000000
8166,0.000000
8178,0.000000
8181,0.000000
8182,0.000000
8185,0.000000
8187,0.000000
8190,0.000000
8191,0.000000
8193,0.000000
8197,0.000000
8199,0.000000
8206,0.000000
8211,0.000000
8214,0.000000
8215,0.000000
8217,0.000000
8221,0.000000
8226,0.000000
8229,0.000000
8230,0.000000
8233,0.000000
8238,0.000000
8240,0.000000
8245,0.000000
8246,0.000000
8256,0.000000
8262,0.000000
8268,0.000000
8272,0.000000
8273,0.000000
8284,0.000000
8287,0.000000
8289,0.000000
8293,0.000000
8299,0.000000
8302,0.000000
8303,0.000000
8306,0.000000
8308,0.000000
8314,0.000000
8320,0.000000
8326,0.000000
8327,0.000000
8331,0.000000
8332,0.000000
8333,0.000000
8334,0.000000
8342,0.000000
8343,0.000000
8345,0.000000
8351,0.000000
8354,0.000000
8356,0.000000
8357,0.000000
8363,0.000000
8364,0.000000
8368,0.000000
8370,0.000000
8377,0.000000
8389,0.000000
8393,0.000000
8394,0.000000
8401,0.000000
8403,0.000000
8405,0.000000
8408,0.000000
8413,0.000000
8422,0.000000
8429,0.000000
8435,0.000000
8436,0.000000
8443,0.000000
8446,0.000000
8449,0.000000
8458,0.000000
8459,0.000000
8460,0.000000
8462,0.000000
8466,0.000000
8474,0.000000
8482,0.000000
8489,0.000000
8503,0.000000
8505,0.000000
8510,0.000000
8513,0.000000
8526,0.000000
8528,0.000000
8530,0.000000
8542,0.000000
8545,0.000000
8548,0.000000
8557,0.000000
8560,0.000000
8562,0.000000
8574,0.000000
8581,0.000000
8583,0.000000
8587,0.000000
8588,0.000000
8589,0.000000
8598,0.000000
8605,0.000000
8610,0.000000
8615,0.000000
8624,0.000000
8628,0.000000
8629,0.000000
8630,0.000000
8636,0.000000
8638,0.000000
8639,0.000000
8645,0.000000
8648,0.000000
8653,0.000000
8660,0.000000
8661,0.000000
8673,0.000000
8676,0.000000
8677,0.000000
8678,0.000000
8684,0.000000
8685,0.000000
8686,0.000000
8687,0.000000
8688,0.000000
8696,0.000000
8698,0.000000
8704,0.000000
8709,0.000000
8711,0.000000
8712,0.000000
8717,0.000000
8721,0.000000
8725,0.000000
8728,0.000000
8733,0.000000
8744,0.000000
8745,0.000000
8749,0.000000
8753,0.000000
8755,0.000000
8761,0.000000
8765,0.000000
8766,0.000000
8769,0.000000
8777,0.000000
8786,0.000000
8792,0.000000
8798,0.000000
8804,0.000000
8807,0.000000
8812,0.000000
8821,0.000000
8823,0.000000
8828,0.000000
8830,0.000000
8834,0.000000
8837,0.000000
8843,0.000000
8844,0.000000
8849,0.000000
8854,0.000000
8855,0.000000
8860,0.000000
8863,0.000000
8871,0.000000
8885,0.000000
8887,0.000000
8889,0.000000
8891,0.000000
8893,0.000000
8895,0.000000
8903,0.000000
8904,0.000000
8907,0.000000
8910,0.000000
8915,0.000000
8923,0.000000
8927,0.000000
8932,0.000000
8933,0.000000
8934,0.000000
8935,0.000000
8937,0.000000
8943,0.000000
8948,0.000000
8950,0.000000
8961,0.000000
8966,0.000000
8969,0.000000
8971,0.000000
8976,0.000000
8986,0.000000
8989,0.000000
8990,0.000000
8991,0.000000
8993,0.000000
9003,0.000000
9008,0.000000
9012,0.000000
9013,0.000000
9017,0.000000
9018,0.000000
9025,0.000000
9027,0.000000
9035,0.000000
9039,0.000000
9040,0.000000
9041,0.000000
9042,0.000000
9046,0.000000
9049,0.000000
9052,0.000000
9053,0.000000
9056,0.000000
9059,0.000000
9063,0.000000
9068,0.000000
9069,0.000000
9077,0.000000
9079,0.000000
9085,0.000000
9087,0.000000
9092,0.000000
9105,0.000000
9110,0.000000
9111,0.000000
9115,0.000000
9116,0.000000
9120,0.000000
9126,0.000000
9131,0.000000
9133,0.000000
9136,0.000000
9138,0.000000
9147,0.000000
9157,0.000000
9158,0.000000
9168,0.000000
9171,0.000000
9180,0.000000
9186,0.000000
9193,0.000000
9201,0.000000
9202,0.000000
9206,0.000000
9213,0.000000
9214,0.000000
9216,0.000000
9220,0.000000
9222,0.000000
9230,0.000000
9231,0.000000
9233,0.000000
9235,0.000000
9237,0.000000
9241,0.000000
9242,0.000000
9245,0.000000
9248,0.000000
9253,0.000000
9258,0.000000
9263,0.000000
9271,0.000000
9273,0.000000
9274,0.000000
9280,0.000000
9281,0.000000
9286,0.000000
9291,0.000000
9293,0.000000
9295,0.000000
9297,0.000000
9298,0.000000
9299,0.000000
9301,0.000000
9306,0.000000
9308,0.000000
9309,0.000000
9310,0.000000
9316,0.000000
9319,0.000000
9323,0.000000
9332,0.000000
9333,0.000000
9342,0.000000
9346,0.000000
9348,0.000000
9352,0.000000
9355,0.000000
9356,0.000000
9359,0.000000
9365,0.000000
9372,0.000000
9373,0.000000
9395,0.000000
9403,0.000000
9405,0.000000
9410,0.000000
9417,0.000000
9422,0.000000
9426,0.000000
9428,0.000000
9431,0.000000
9434,0.000000
9445,0.000000
9449,0.000000
9452,0.000000
9457,0.000000
9461,0.000000
9469,0.000000
9474,0.000000
9476,0.000000
9477,0.000000
9485,0.000000
9487,0.000000
9490,0.000000
9492,0.000000
9495,0.000000
9499,0.000000
9502,0.000000
9508,0.000000
9512,0.000000
9514,0.000000
9516,0.000000
9524,0.000000
9537,0.000000
9538,0.000000
9541,0.000000
9546,0.000000
9549,0.000000
9554,0.000000
9556,0.000000
9560,0.000000
9561,0.000000
9566,0.000000
9567,0.000000
9573,0.000000
9576,0.000000
9583,0.000000
9589,0.000000
9590,0.000000
9597,0.000000
9600,0.000000
9602,0.000000
9605,0.000000
9607,0.000000
9622,0.000000
9628,0.000000
9632,0.000000
9636,0.000000
9637,0.000000
9640,0.000000
9644,0.000000
9650,0.000000
9654,0.000000
9655,0.000000
9657,0.000000
9659,0.000000
9662,0.000000
9663,0.000000
9666,0.000000
9669,0.000000
9671,0.000000
9676,0.000000
9677,0.000000
9681,0.000000
9685,0.000000
9687,0.000000
9691,0.000000
9694,0.000000
9697,0.000000
9700,0.000000
9708,0.000000
9715,0.000000
9723,0.000000
9725,0.000000
9726,0.000000
9727,0.000000
9735,0.000000
9739,0.000000
9742,0.000000
9745,0.000000
9768,0.000000
9772,0.000000
9775,0.000000
9776,0.000000
9783,0.000000
9786,0.000000
9789,0.000000
9793,0.000000
9796,0.000000
9797,0.000000
9804,0.000000
9806,0.000000
9823,0.000000
9824,0.000000
9826,0.000000
9835,0.000000
9838,0.000000
9847,0.000000
9850,0.000000
9851,0.000000
9858,0.000000
9860,0.000000
9865,0.000000
9868,0.000000
9869,0.000000
9874,0.000000
9880,0.000000
9883,0.000000
9885,0.000000
9892,0.000000
9894,0.000000
9895,0.000000
9903,0.000000
9904,0.000000
9913,0.000000
9921,0.000000
9925,0.000000
9931,0.000000
9932,0.000000
9935,0.000000
9938,0.000000
9942,0.000000
9943,0.000000
9945,0.000000
9947,0.000000
9953,0.000000
9958,0.000000
9961,0.000000
9963,0.000000
9968,0.000000
9972,0.000000
9973,0.000000
9975,0.000000
9976,0.000000
9979,0.000000
9982,0.000000
9993,0.000000
9994,0.000000
9999,0.000000
10002,0.000000
10004,0.000000
10005,0.000000
10007,0.000000
10010,0.000000
10013,0.000000
10014,0.000000
10018,0.000000
10019,0.000000
10031,0.000000
10032,0.000000
10033,0.000000
10041,0.000000
10045,0.000000
10056,0.000000
10066,0.000000
10073,0.000000
10074,0.000000
10075,0.000000
10088,0.000000
10091,0.000000
10093,0.000000
10094,0.000000
10097,0.000000
10101,0.000000
10103,0.000000
10104,0.000000
10109,0.000000
10117,0.000000
10119,0.000000
10125,0.000000
10130,0.000000
10134,0.000000
10137,0.000000
10142,0.000000
10149,0.000000
10150,0.000000
10159,0.000000
10166,0.000000
10168,0.000000
10169,0.000000
10171,0.000000
10172,0.000000
10173,0.000000
10175,0.000000
10177,0.000000
10179,0.000000
10181,0.000000
10184,0.000000
10187,0.000000
10196,0.000000
10200,0.000000
10201,0.000000
10205,0.000000
10206,0.000000
10209,0.000000
10211,0.000000
10224,0.000000
10225,0.000000
10228,0.000000
10234,0.000000
10238,0.000000
10240,0.000000
10242,0.000000
10246,0.000000
10247,0.000000
10249,0.000000
10252,0.000000
10253,0.000000
10257,0.000000
10259,0.000000
10264,0.000000
10265,0.000000
10269,0.000000
10273,0.000000
10275,0.000000
10287,0.000000
10294,0.000000
10295,0.000000
10297,0.000000
10298,0.000000
10301,0.000000
10315,0.000000
10319,0.000000
10326,0.000000
10330,0.000000
10336,0.000000
10337,0.000000
10342,0.000000
10350,0.000000
10353,0.000000
10360,0.000000
10372,0.000000
10376,0.000000
10377,0.000000
10378,0.000000
10379,0.000000
10380,0.000000
10384,0.000000
10385,0.000000
10391,0.000000
10399,0.000000
10402,0.000000
10403,0.000000
10407,0.000000
10412,0.000000
10414,0.000000
10416,0.000000
10421,0.000000
10423,0.000000
10425,0.000000
10430,0.000000
10432,0.000000
10436,0.000000
10443,0.000000
10452,0.000000
10454,0.000000
10459,0.000000
10460,0.000000
10463,0.000000
10464,0.000000
10468,0.000000
10470,0.000000
10473,0.000000
10480,0.000000
10487,0.000000
10488,0.000000
10491,0.000000
10496,0.000000
10504,0.000000
10505,0.000000
10515,0.000000
10519,0.000000
10521,0.000000
10523,0.000000
10526,0.000000
10530,0.000000
10533,0.000000
10538,0.000000
10539,0.000000
10541,0.000000
10542,0.000000
10547,0.000000
10548,0.000000
10551,0.000000
10553,0.000000
10555,0.000000
10556,0.000000
10558,0.000000
10560,0.000000
10568,0.000000
10571,0.000000
10577,0.000000
10578,0.000000
10579,0.000000
10583,0.000000
10584,0.000000
10587,0.000000
10590,0.000000
10591,0.000000
10592,0.000000
10594,0.000000
10597,0.000000
10600,0.000000
10605,0.000000
10611,0.000000
10613,0.000000
10617,0.000000
10619,0.000000
10620,0.000000
10627,0.000000
10633,0.000000
10635,0.000000
10638,0.000000
10639,0.000000
10649,0.000000
10650,0.000000
10655,0.000000
10656,0.000000
10662,0.000000
10666,0.000000
10667,0.000000
10669,0.000000
10674,0.000000
10678,0.000000
10679,0.000000
10684,0.000000
10688,0.000000
10696,0.000000
10699,0.000000
10700,0.000000
10702,0.000000
10703,0.000000
10709,0.000000
10718,0.000000
10723,0.000000
10724,0.000000
10726,0.000000
10732,0.000000
10734,0.000000
10740,0.000000
10748,0.000000
10749,0.000000
10753,0.000000
10754,0.000000
10757,0.000000
10762,0.000000
10769,0.000000
10775,0.000000
10777,0.000000
10779,0.000000
10784,0.000000
10785,0.000000
10786,0.000000
10789,0.000000
10790,0.000000
10796,0.000000
10799,0.000000
10801,0.000000
10808,0.000000
10809,0.000000
10811,0.000000
10819,0.000000
10824,0.000000
10835,0.000000
10839,0.000000
10842,0.000000
10845,0.000000
10855,0.000000
10857,0.000000
10859,0.000000
10863,0.000000
10873,0.000000
10874,0.000000
10879,0.000000
10885,0.000000
10889,0.000000
10890,0.000000
10891,0.000000
10892,0.000000
10897,0.000000
10898,0.000000
10901,0.000000
10903,0.000000
10904,0.000000
10905,0.000000
10912,0.000000
10913,0.000000
10914,0.000000
10919,0.000000
10922,0.000000
10924,0.000000
10926,0.000000
10928,0.000000
10934,0.000000
10937,0.000000
10942,0.000000
10944,0.000000
10948,0.000000
10951,0.000000
10952,0.000000
10954,0.000000
10959,0.000000
10960,0.000000
10964,0.000000
10966,0.000000
10970,0.000000
10971,0.000000
10974,0.000000
10975,0.000000
10976,0.000000
10979,0.000000
10982,0.000000
10983,0.000000
10987,0.000000
10997,0.000000
11000,0.000000
11001,0.000000
11004,0.000000
11007,0.000000
11012,0.000000
11015,0.000000
11019,0.000000
11023,0.000000
11028,0.000000
11033,0.000000
11043,0.000000
11044,0.000000
11047,0.000000
11049,0.000000
11057,0.000000
11058,0.000000
11059,0.000000
11067,0.000000
11073,0.000000
11077,0.000000
11081,0.000000
11082,0.000000
11087,0.000000
11088,0.000000
11092,0.000000
11093,0.000000
11097,0.000000
11100,0.000000
11102,0.000000
11104,0.000000
11108,0.000000
11109,0.000000
11110,0.000000
11112,0.000000
11115,0.000000
11119,0.000000
11123,0.000000
11128,0.000000
11129,0.000000
11131,0.000000
11133,0.000000
11134,0.000000
11137,0.000000
11140,0.000000
11144,0.000000
11146,0.000000
11148,0.000000
11149,0.000000
11152,0.000000
11153,0.000000
11156,0.000000
11160,0.000000
11172,0.000000
11176,0.000000
11178,0.000000
11183,0.000000
11190,0.000000
11193,0.000000
11199,0.000000
11206,0.000000
11208,0.000000
11221,0.000000
11225,0.000000
11230,0.000000
11233,0.000000
11238,0.000000
11239,0.000000
11244,0.000000
11249,0.000000
11253,0.000000
11254,0.000000
11258,0.000000
11263,0.000000
11269,0.000000
11279,0.000000
11280,0.000000
11292,0.000000
11295,0.000000
11299,0.000000
11302,0.000000
11303,0.000000
11307,0.000000
11309,0.000000
11312,0.000000
11315,0.000000
11316,0.000000
11321,0.000000
11325,0.000000
11327,0.000000
11329,0.000000
11331,0.000000
11333,0.000000
11338,0.000000
11339,0.000000
11346,0.000000
11352,0.000000
11353,0.000000
11362,0.000000
11363,0.000000
11364,0.000000
11369,0.000000
11372,0.000000
11373,0.000000
11375,0.000000
11379,0.000000
11383,0.000000
11387,0.000000
11390,0.000000
11402,0.000000
11411,0.000000
11420,0.000000
11425,0.000000
11426,0.000000
11429,0.000000
11430,0.000000
11435,0.000000
11439,0.000000
11442,0.000000
11443,0.000000
11444,0.000000
11445,0.000000
11449,0.000000
11450,0.000000
11455,0.000000
11462,0.000000
11470,0.000000
11473,0.000000
11474,0.000000
11475,0.000000
11476,0.000000
11480,0.000000
11483,0.000000
11484,0.000000
11485,0.000000
11492,0.000000
11494,0.000000
11495,0.000000
11496,0.000000
11498,0.000000
11501,0.000000
11502,0.000000
11503,0.000000
11505,0.000000
11510,0.000000
11512,0.000000
11519,0.000000
11524,0.000000
11527,0.000000
11529,0.000000
11531,0.000000
11533,0.000000
11539,0.000000
11540,0.000000
11550,0.000000
11557,0.000000
11558,0.000000
11566,0.000000
11569,0.000000
11577,0.000000
11582,0.000000
11583,0.000000
11585,0.000000
11591,0.000000
11593,0.000000
11595,0.000000
11597,0.000000
11599,0.000000
11603,0.000000
11604,0.000000
11606,0.000000
11607,0.000000
11611,0.000000
11612,0.000000
11618,0.000000
11622,0.000000
11623,0.000000
11624,0.000000
11626,0.000000
11628,0.000000
11634,0.000000
11635,0.000000
11637,0.000000
11640,0.000000
11643,0.000000
11646,0.000000
11650,0.000000
11651,0.000000
11653,0.000000
11657,0.000000
11661,0.000000
11662,0.000000
11663,0.000000
11664,0.000000
11665,0.000000
11671,0.000000
11673,0.000000
11674,0.000000
11675,0.000000
11679,0.000000
11681,0.000000
11682,0.000000
11683,0.000000
11686,0.000000
11690,0.000000
11691,0.000000
11693,0.000000
11696,0.000000
11705,0.000000
11707,0.000000
11712,0.000000
11714,0.000000
11718,0.000000
11720,0.000000
11723,0.000000
11724,0.000000
11731,0.000000
11733,0.000000
11734,0.000000
11740,0.000000
11742,0.000000
11743,0.000000
11749,0.000000
11753,0.000000
11758,0.000000
11760,0.000000
11762,0.000000
11763,0.000000
11766,0.000000
11769,0.000000
11788,0.000000
11790,0.000000
11792,0.000000
11801,0.000000
11805,0.000000
11807,0.000000
11813,0.000000
11817,0.000000
11818,0.000000
11819,0.000000
11832,0.000000
11833,0.000000
11835,0.000000
11838,0.000000
11848,0.000000
11853,0.000000
11860,0.000000
11865,0.000000
11867,0.000000
11873,0.000000
11874,0.000000
11875,0.000000
11877,0.000000
11882,0.000000
11892,0.000000
11894,0.000000
11898,0.000000
11904,0.000000
11905,0.000000
11910,0.000000
11912,0.000000
11913,0.000000
11916,0.000000
11919,0.000000
11920,0.000000
11924,0.000000
11927,0.000000
11928,0.000000
11930,0.000000
11931,0.000000
11933,0.000000
11937,0.000000
11940,0.000000
11945,0.000000
11947,0.000000
11952,0.000000
11958,0.000000
11964,0.000000
11970,0.000000
11976,0.000000
11980,0.000000
11990,0.000000
11991,0.000000
11992,0.000000
11993,0.000000
11995,0.000000
12005,0.000000
12010,0.000000
12012,0.000000
12014,0.000000
12024,0.000000
12026,0.000000
12032,0.000000
12033,0.000000
12037,0.000000
12038,0.000000
12045,0.000000
12050,0.000000
12054,0.000000
12055,0.000000
12056,0.000000
12060,0.000000
12062,0.000000
12063,0.000000
12068,0.000000
12069,0.000000
12070,0.000000
12075,0.000000
12077,0.000000
12081,0.000000
12084,0.000000
12088,0.000000
12089,0.000000
12091,0.000000
12093,0.000000
12096,0.000000
12099,0.000000
12100,0.000000
12102,0.000000
12103,0.000000
12104,0.000000
12106,0.000000
12111,0.000000
12116,0.000000
12120,0.000000
12122,0.000000
12125,0.000000
12129,0.000000
12133,0.000000
12136,0.000000
12140,0.000000
12141,0.000000
12143,0.000000
12155,0.000000
12156,0.000000
12160,0.000000
12164,0.000000
12165,0.000000
12168,0.000000
12171,0.000000
12181,0.000000
12187,0.000000
12190,0.000000
12195,0.000000
12203,0.000000
12208,0.000000
12222,0.000000
12229,0.000000
12233,0.000000
12236,0.000000
12241,0.000000
12243,0.000000
12252,0.000000
12256,0.000000
12263,0.000000
12268,0.000000
12270,0.000000
12272,0.000000
12274,0.000000
12279,0.000000
12284,0.000000
12289,0.000000
12290,0.000000
12297,0.000000
12299,0.000000
12301,0.000000
12302,0.000000
12306,0.000000
12309,0.000000
12312,0.000000
12314,0.000000
12315,0.000000
12321,0.000000
12327,0.000000
12331,0.000000
12332,0.000000
12337,0.000000
12341,0.000000
12342,0.000000
12346,0.000000
12347,0.000000
12351,0.000000
12354,0.000000
12357,0.000000
12359,0.000000
12360,0.000000
12371,0.000000
12373,0.000000
12374,0.000000
12375,0.000000
12379,0.000000
12381,0.000000
12382,0.000000
12383,0.000000
12388,0.000000
12389,0.000000
12390,0.000000
12391,0.000000
12392,0.000000
12395,0.000000
12397,0.000000
12402,0.000000
12403,0.000000
12407,0.000000
12411,0.000000
12413,0.000000
12427,0.000000
12428,0.000000
12432,0.000000
12436,0.000000
12437,0.000000
12439,0.000000
12442,0.000000
12456,0.000000
12457,0.000000
12458,0.000000
12459,0.000000
12460,0.000000
12465,0.000000
12466,0.000000
12467,0.000000
12471,0.000000
12472,0.000000
12476,0.000000
12482,0.000000
12488,0.000000
12493,0.000000
12494,0.000000
12495,0.000000
12496,0.000000
12501,0.000000
12503,0.000000
12507,0.000000
12517,0.000000
12519,0.000000
12521,0.000000
12528,0.000000
12530,0.000000
12532,0.000000
12533,0.000000
12534,0.000000
12536,0.000000
12538,0.000000
12541,0.000000
12544,0.000000
12550,0.000000
12551,0.000000
12557,0.000000
12559,0.000000
12560,0.000000
12563,0.000000
12567,0.000000
12569,0.000000
12572,0.000000
12574,0.000000
12580,0.000000
12583,0.000000
12589,0.000000
12590,0.000000
12595,0.000000
12599,0.000000
12604,0.000000
12608,0.000000
12609,0.000000
12614,0.000000
12615,0.000000
12617,0.000000
12618,0.000000
12619,0.000000
12625,0.000000
12628,0.000000
12633,0.000000
12638,0.000000
12641,0.000000
12642,0.000000
12643,0.000000
12646,0.000000
12649,0.000000
12657,0.000000
12661,0.000000
12662,0.000000
12665,0.000000
12667,0.000000
12670,0.000000
12671,0.000000
12674,0.000000
12676,0.000000
12681,0.000000
12683,0.000000
12686,0.000000
12698,0.000000
12705,0.000000
12706,0.000000
12718,0.000000
12725,0.000000
12729,0.000000
12732,0.000000
12734,0.000000
12736,0.000000
12744,0.000000
12745,0.000000
12750,0.000000
12751,0.000000
12759,0.000000
12764,0.000000
12767,0.000000
12771,0.000000
12775,0.000000
12780,0.000000
12789,0.000000
12793,0.000000
12797,0.000000
12799,0.000000
12808,0.000000
12813,0.000000
12817,0.000000
12823,0.000000
12825,0.000000
12840,0.000000
12844,0.000000
12848,0.000000
12850,0.000000
12851,0.000000
12860,0.000000
12881,0.000000
12886,0.000000
12888,0.000000
12893,0.000000
12894,0.000000
12903,0.000000
12904,0.000000
12907,0.000000
12908,0.000000
12913,0.000000
12922,0.000000
12933,0.000000
12936,0.000000
12937,0.000000
12938,0.000000
12944,0.000000
12945,0.000000
12951,0.000000
12952,0.000000
12956,0.000000
12958,0.000000
12964,0.000000
12968,0.000000
12970,0.000000
12972,0.000000
12973,0.000000
12978,0.000000
12982,0.000000
12983,0.000000
12985,0.000000
12986,0.000000
12992,0.000000
12996,0.000000
12997,0.000000
13005,0.000000
13006,0.000000
13007,0.000000
13010,0.000000
13011,0.000000
13020,0.000000
13021,0.000000
13022,0.000000
13027,0.000000
13029,0.000000
13032,0.000000
13034,0.000000
13038,0.000000
13042,0.000000
13043,0.000000
13045,0.000000
13050,0.000000
13054,0.000000
13059,0.000000
13060,0.000000
13064,0.000000
13068,0.000000
13071,0.000000
13080,0.000000
13081,0.000000
13082,0.000000
13083,0.000000
13086,0.000000
13087,0.000000
13089,0.000000
13090,0.000000
13091,0.000000
13095,0.000000
13097,0.000000
13100,0.000000
13106,0.000000
13107,0.000000
13109,0.000000
13115,0.000000
13116,0.000000
13118,0.000000
13121,0.000000
13123,0.000000
13126,0.000000
13131,0.000000
13133,0.000000
13137,0.000000
13139,0.000000
13141,0.000000
13143,0.000000
13144,0.000000
13145,0.000000
13147,0.000000
13149,0.000000
13150,0.000000
13154,0.000000
13157,0.000000
13160,0.000000
13167,0.000000
13172,0.000000
13180,0.000000
13181,0.000000
13187,0.000000
13191,0.000000
13196,0.000000
13198,0.000000
13204,0.000000
13207,0.000000
13208,0.000000
13214,0.000000
13218,0.000000
13222,0.000000
13223,0.000000
13226,0.000000
13227,0.000000
13229,0.000000
13231,0.000000
13233,0.000000
13235,0.000000
13238,0.000000
13242,0.000000
13247,0.000000
13248,0.000000
13255,0.000000
13257,0.000000
13258,0.000000
13261,0.000000
13263,0.000000
13270,0.000000
13273,0.000000
13277,0.000000
13283,0.000000
13284,0.000000
13290,0.000000
13291,0.000000
13295,0.000000
13296,0.000000
13301,0.000000
13302,0.000000
13303,0.000000
13305,0.000000
13307,0.000000
13315,0.000000
13318,0.000000
13319,0.000000
13324,0.000000
13325,0.000000
13327,0.000000
13329,0.000000
13339,0.000000
13340,0.000000
13348,0.000000
13350,0.000000
13357,0.000000
13358,0.000000
13363,0.000000
13369,0.000000
13370,0.000000
13375,0.000000
13379,0.000000
13380,0.000000
13384,0.000000
13392,0.000000
13393,0.000000
13394,0.000000
13397,0.000000
13402,0.000000
13411,0.000000
13415,0.000000
13419,0.000000
13425,0.000000
13429,0.000000
13434,0.000000
13435,0.000000
13437,0.000000
13439,0.000000
13442,0.000000
13444,0.000000
13445,0.000000
13448,0.000000
13453,0.000000
13457,0.000000
13458,0.000000
13463,0.000000
13467,0.000000
13468,0.000000
13470,0.000000
13476,0.000000
13483,0.000000
13487,0.000000
13493,0.000000
13494,0.000000
13498,0.000000
13501,0.000000
13506,0.000000
13515,0.000000
13521,0.000000
13522,0.000000
13527,0.000000
13533,0.000000
13536,0.000000
13538,0.000000
13539,0.000000
13541,0.000000
13542,0.000000
13543,0.000000
13546,0.000000
13551,0.000000
13553,0.000000
13554,0.000000
13555,0.000000
13558,0.000000
13559,0.000000
13561,0.000000
13562,0.000000
13564,0.000000
13565,0.000000
13568,0.000000
13581,0.000000
13584,0.000000
13585,0.000000
13586,0.000000
13590,0.000000
13595,0.000000
13597,0.000000
13598,0.000000
13605,0.000000
13607,0.000000
13612,0.000000
13620,0.000000
13622,0.000000
13627,0.000000
13630,0.000000
13633,0.000000
13635,0.000000
13636,0.000000
13637,0.000000
13639,0.000000
13640,0.000000
13641,0.000000
13647,0.000000
13649,0.000000
13650,0.000000
13651,0.000000
13653,0.000000
13657,0.000000
13660,0.000000
13661,0.000000
13663,0.000000
13664,0.000000
13670,0.000000
13673,0.000000
13675,0.000000
13677,0.000000
13678,0.000000
13680,0.000000
13682,0.000000
13685,0.000000
13686,0.000000
13689,0.000000
13691,0.000000
13694,0.000000
13696,0.000000
13698,0.000000
13699,0.000000
13701,0.000000
13702,0.000000
13703,0.000000
13708,0.000000
13712,0.000000
13716,0.000000
13718,0.000000
13723,0.000000
13724,0.000000
13727,0.000000
13730,0.000000
13732,0.000000
13735,0.000000
13736,0.000000
13739,0.000000
13743,0.000000
13744,0.000000
13745,0.000000
13751,0.000000
13760,0.000000
13761,0.000000
13762,0.000000
13764,0.000000
13769,0.000000
13774,0.000000
13775,0.000000
13779,0.000000
13780,0.000000
13783,0.000000
13788,0.000000
13790,0.000000
13793,0.000000
13798,0.000000
13801,0.000000
13807,0.000000
13808,0.000000
13809,0.000000
13812,0.000000
13813,0.000000
13819,0.000000
13825,0.000000
13827,0.000000
13831,0.000000
13832,0.000000
13833,0.000000
13835,0.000000
13842,0.000000
13844,0.000000
13847,0.000000
13849,0.000000
13857,0.000000
13859,0.000000
13860,0.000000
13861,0.000000
13869,0.000000
13875,0.000000
13879,0.000000
13885,0.000000
13890,0.000000
13894,0.000000
13897,0.000000
13903,0.000000
13908,0.000000
13910,0.000000
13913,0.000000
13914,0.000000
13915,0.000000
13917,0.000000
13922,0.000000
13926,0.000000
13928,0.000000
13929,0.000000
13935,0.000000
13942,0.000000
13949,0.000000
13955,0.000000
13956,0.000000
13957,0.000000
13960,0.000000
13964,0.000000
13967,0.000000
13969,0.000000
13973,0.000000
13975,0.000000
13977,0.000000
13978,0.000000
13982,0.000000
13983,0.000000
13991,0.000000
13992,0.000000
13993,0.000000
14000,0.000000
14002,0.000000
14005,0.000000
14010,0.000000
14013,0.000000
14017,0.000000
14028,0.000000
14032,0.000000
14038,0.000000
14041,0.000000
14042,0.000000
14043,0.000000
14046,0.000000
14053,0.000000
14055,0.000000
14057,0.000000
14068,0.000000
14070,0.000000
14073,0.000000
14078,0.000000
14081,0.000000
14090,0.000000
14093,0.000000
14098,0.000000
14100,0.000000
14101,0.000000
14103,0.000000
14104,0.000000
14106,0.000000
14115,0.000000
14117,0.000000
14119,0.000000
14121,0.000000
14129,0.000000
14132,0.000000
14136,0.000000
14138,0.000000
14143,0.000000
14148,0.000000
14151,0.000000
14153,0.000000
14154,0.000000
14156,0.000000
14166,0.000000
14167,0.000000
14171,0.000000
14175,0.000000
14178,0.000000
14179,0.000000
14186,0.000000
14189,0.000000
14191,0.000000
14195,0.000000
14200,0.000000
14201,0.000000
14205,0.000000
14206,0.000000
14208,0.000000
14209,0.000000
14211,0.000000
14214,0.000000
14218,0.000000
14222,0.000000
14227,0.000000
14229,0.000000
14236,0.000000
14239,0.000000
14245,0.000000
14247,0.000000
14248,0.000000
14254,0.000000
14255,0.000000
14256,0.000000
14258,0.000000
14263,0.000000
14264,0.000000
14268,0.000000
14269,0.000000
14272,0.000000
14275,0.000000
14276,0.000000
14280,0.000000
14282,0.000000
14285,0.000000
14288,0.000000
14290,0.000000
14294,0.000000
14299,0.000000
14306,0.000000
14315,0.000000
14317,0.000000
14322,0.000000
14326,0.000000
14327,0.000000
14328,0.000000
14336,0.000000
14338,0.000000
14339,0.000000
14341,0.000000
14343,0.000000
14344,0.000000
14346,0.000000
14348,0.000000
14351,0.000000
14352,0.000000
14353,0.000000
14354,0.000000
14355,0.000000
14356,0.000000
14364,0.000000
14365,0.000000
14368,0.000000
14371,0.000000
14373,0.000000
14383,0.000000
14384,0.000000
14386,0.000000
14387,0.000000
14391,0.000000
14394,0.000000
14403,0.000000
14406,0.000000
14407,0.000000
14411,0.000000
14413,0.000000
14416,0.000000
14419,0.000000
14423,0.000000
14425,0.000000
14432,0.000000
14437,0.000000
14440,0.000000
14456,0.000000
14459,0.000000
14461,0.000000
14463,0.000000
14471,0.000000
14472,0.000000
14474,0.000000
14478,0.000000
14482,0.000000
14488,0.000000
14489,0.000000
14497,0.000000
14498,0.000000
14500,0.000000
14501,0.000000
14507,0.000000
14510,0.000000
14511,0.000000
14512,0.000000
14513,0.000000
14514,0.000000
14516,0.000000
14517,0.000000
14522,0.000000
14529,0.000000
14534,0.000000
14535,0.000000
14538,0.000000
14542,0.000000
14546,0.000000
14553,0.000000
14557,0.000000
14561,0.000000
14562,0.000000
14563,0.000000
14565,0.000000
14568,0.000000
14570,0.000000
14574,0.000000
14578,0.000000
14581,0.000000
14582,0.000000
14586,0.000000
14588,0.000000
14592,0.000000
14594,0.000000
14595,0.000000
14598,0.000000
14599,0.000000
14600,0.000000
14601,0.000000
14603,0.000000
14604,0.000000
14613,0.000000
14617,0.000000
14623,0.000000
14624,0.000000
14625,0.000000
14626,0.000000
14627,0.000000
14628,0.000000
14629,0.000000
14633,0.000000
14635,0.000000
14643,0.000000
14644,0.000000
14646,0.000000
14648,0.000000
14650,0.000000
14659,0.000000
14665,0.000000
14669,0.000000
14670,0.000000
14672,0.000000
14678,0.000000
14679,0.000000
14681,0.000000
14687,0.000000
14689,0.000000
14697,0.000000
14702,0.000000
14708,0.000000
14712,0.000000
14713,0.000000
14714,0.000000
14724,0.000000
14726,0.000000
14727,0.000000
14728,0.000000
14732,0.000000
14739,0.000000
14754,0.000000
14756,0.000000
14764,0.000000
14767,0.000000
14769,0.000000
14770,0.000000
14771,0.000000
14776,0.000000
14778,0.000000
14779,0.000000
14780,0.000000
14781,0.000000
14788,0.000000
14791,0.000000
14792,0.000000
14798,0.000000
14803,0.000000
14804,0.000000
14808,0.000000
14812,0.000000
14813,0.000000
14814,0.000000
14815,0.000000
14822,0.000000
14824,0.000000
14825,0.000000
14828,0.000000
14829,0.000000
14833,0.000000
14835,0.000000
14836,0.000000
14839,0.000000
14843,0.000000
14844,0.000000
14847,0.000000
14849,0.000000
14855,0.000000
14863,0.000000
14871,0.000000
14872,0.000000
14873,0.000000
14877,0.000000
14880,0.000000
14884,0.000000
14892,0.000000
14896,0.000000
14897,0.000000
14899,0.000000
14901,0.000000
14903,0.000000
14906,0.000000
14908,0.000000
14909,0.000000
14910,0.000000
14911,0.000000
14917,0.000000
14926,0.000000
14928,0.000000
14930,0.000000
14932,0.000000
14936,0.000000
14940,0.000000
14941,0.000000
14948,0.000000
14950,0.000000
14953,0.000000
14958,0.000000
14963,0.000000
14965,0.000000
14967,0.000000
14970,0.000000
