"Evaluations","Fitness"
1,8562986.3633945
5,5730277.79058302
302,5730241.80026346
305,5729467.48829109
3944,5724124.04199779
3952,5721985.34931747
3960,5720540.40656649
5714,5718665.16340349
5715,5718502.29961909
5716,5718411.60739075
5717,5716503.42046638
5720,5715519.31921965
5721,5715487.9000429
5727,5715476.12432719
5728,5714594.41877119
5729,5712847.86577937
5730,5710696.4896261
5734,5710173.8156694
5743,5707921.60169467
5744,5697403.13990865
5752,5696194.65353886
5760,5695420.27770171
7258,5689546.69085429
7259,5687012.24401208
7260,5685486.31927471
7261,5683854.51969134
7514,5680203.58454259
7515,5680089.63750581
7516,5680026.378857
7517,5678697.82463977
7520,5678029.95996203
7521,5678007.98035392
7527,5678006.61041603
7528,5677390.60481867
7529,5676171.4243821
7530,5674693.86179654
7534,5674349.41862877
7543,5672893.58194013
7544,5665628.34039103
7552,5664923.81320033
7560,5664497.92131771
9038,5663787.41561939
9039,5658358.40197736
9040,5652802.10328486
9042,5648430.45090737
9043,5639695.62588955
9045,5638830.20078825
9046,5626844.19867295
9053,5622481.96988507
9054,5617608.02080559
9056,5609318.67348554
9057,5605679.78482673
9058,5591385.36290309
9059,5589746.52931354
9060,5588815.99359738
9061,5587813.67788903
9329,5583522.84009091
9330,5582502.46263468
9334,5582271.85243217
9343,5581311.91616603
9344,5576274.1111152
9352,5575850.23458311
9360,5575609.03415493
9472,5571532.91553793
9473,5565823.74329532
9474,5557572.8363079
9475,5556112.99136865
9476,5550648.14615619
9479,5540071.22212358
9480,5528198.89841909
10839,5527723.23955093
10840,5523924.79406617
10842,5521053.56180193
10843,5515037.14508946
10845,5514634.26631855
10846,5506349.02283784
10853,5504095.47588632
10854,5500807.32873069
10856,5495259.01720665
10857,5492719.93009752
10858,5482846.78155097
10859,5481765.88484628
10860,5481181.93952897
10861,5480548.89109312
11141,5480359.34168468
11143,5479175.88696967
11144,5475672.87681053
11152,5475410.11656375
11160,5475269.16896996
11254,5468117.18794405
11255,5463671.29759305
11256,5460318.76648042
11258,5457002.2305405
11259,5454050.28634428
11260,5437153.96418869
11261,5433447.6228842
11262,5430817.36058709
11263,5423583.38990929
11264,5417921.66840131
11271,5415469.60687227
11272,5408307.52015022
11273,5404432.38438039
11274,5398780.36668921
11275,5397884.42483173
11276,5394187.31518301
11279,5387182.30876018
11280,5379009.29376703
12646,5373702.56105546
12653,5372517.08465739
12654,5370275.95407645
12656,5366516.70949362
12657,5364743.33464373
12658,5357897.27459314
12659,5357173.12743578
12660,5356797.40625882
12661,5356387.87290813
12945,5349304.47315237
12946,5349013.89467844
12952,5348254.81931006
12960,5348169.8234203
13047,5335893.13705698
13053,5333374.12054514
13054,5326040.48597988
13055,5323007.66433418
13056,5320742.52655534
13058,5318591.2165974
13059,5316613.48686005
13060,5304877.02495113
13061,5302375.88203799
13062,5300630.32683001
13063,5295664.50815555
13064,5291801.59629997
13071,5290822.27091751
13072,5285927.76261207
13073,5283274.59712519
13074,5279378.75716936
13075,5278813.31317313
13076,5276288.19459902
13079,5271580.12189904
13080,5265926.44108784
14446,5256607.37643634
14453,5255969.62612701
14454,5254430.51521007
14456,5251860.08500925
14457,5250620.67581631
14458,5245860.35430758
14459,5245369.36676003
14460,5245122.55180329
14461,5244852.34272945
14744,5242754.74276867
14745,5233575.18639947
14746,5233374.03886176
14752,5232847.69933705
14760,5232794.89925292
14847,5225530.05343069
14853,5224110.65285981
14854,5219054.07786413
14855,5216969.96049614
14856,5215424.36471095
14858,5214001.87768839
14859,5212660.89616024
14860,5204489.944988
14861,5202784.8599888
14862,5201609.82925922
14863,5198181.7569791
14864,5195526.86234819
14871,5195202.52224752
14872,5191834.65310972
14873,5190006.55774938
14874,5187309.15027002
14875,5186943.57997162
14876,5185206.79747794
14879,5182006.908168
14880,5178082.37214531
16244,5173712.31561991
16245,5167191.03485213
16246,5156008.91273683
16253,5155656.60827327
16254,5154593.77407137
16256,5152824.38302431
16257,5151957.75365822
16258,5148641.16966018
16259,5148305.27695357
16260,5148140.43951874
16261,5147959.36066017
16539,5146284.73779978
16542,5145649.36906526
16543,5142473.08977188
16544,5132719.02256004
16545,5126395.9587016
16546,5126256.26154828
16552,5125890.28036523
16560,5125856.6018553
16654,5117002.86651696
16655,5115563.02467353
16656,5114500.7079473
16658,5113545.84770602
16659,5112628.44098744
16660,5106930.61552723
16661,5105759.45639739
16662,5104959.89526552
16663,5102583.76505752
16664,5100749.4192132
16671,5100699.36309959
16672,5098370.41517437
16673,5097105.01745757
16674,5095231.37566198
16675,5094990.29429759
16676,5093789.63880103
16679,5091596.63945829
16680,5088865.65410954
16911,5079520.17716678
16912,5072919.38056209
16913,5072422.27311816
16915,5071476.49091008
16916,5059094.59888821
16917,5049359.65366895
16918,5049171.22886008
16919,5047880.81825922
16920,5047058.46984584
16921,5037399.97612038
18047,5027487.45752353
18048,5026849.47932052
18051,5025983.88571637
18053,5025175.89495024
18054,5024439.03729449
18056,5023215.11950737
18057,5022608.9479149
18058,5020295.00323473
18059,5020063.69964267
18060,5019952.20062539
18061,5019829.39849601
18345,5008089.55667224
18346,5007992.31066523
18352,5007737.32751438
18360,5007715.36051641
18460,5000598.99700748
18461,4999790.16179769
18462,4999241.71959102
18463,4997589.95343557
18464,4996317.71073924
18472,4994753.12370182
18473,4993874.33712743
18474,4992569.91415609
18475,4992408.41794482
18476,4991575.35429925
18479,4990063.2471147
18480,4988159.49040547
18691,4982970.84222675
18693,4978379.87929684
18694,4971505.87957186
18697,4970472.44425422
18701,4965658.07107777
18702,4958725.14601719
18703,4951687.57565178
18704,4946946.99945549
18707,4941645.94110629
18709,4937996.8386155
18710,4937902.36120235
18711,4930662.16184004
18712,4926160.55661676
18713,4925933.86620601
18715,4925521.38546036
18716,4916982.34304504
18717,4910298.49579156
18718,4910167.87588068
18719,4909265.52911533
18720,4908827.49682597
18721,4902206.49521815
19849,4896821.74661005
19851,4895568.53745652
19853,4895009.73002652
19854,4894497.42154743
19856,4893647.86050989
19857,4893223.77018743
19858,4891607.76432935
19859,4891447.72425317
19860,4891371.57966275
19861,4891287.55517729
20145,4880747.04192062
20146,4880679.23529586
20152,4880501.33689213
20160,4880486.74789346
20272,4872415.74913206
20273,4871804.02452539
20274,4870894.4203254
20275,4870784.93074197
20276,4870205.40983906
20279,4869158.201064
20280,4867829.45855464
20484,4860293.96850441
20487,4860101.83587328
20491,4854656.60929122
20493,4851589.87644028
20494,4846855.0458328
20497,4846376.54311045
20501,4843365.67148693
20502,4838608.25234453
20503,4833779.91388874
20504,4830561.80375134
20507,4827165.9369069
20509,4824791.45381625
20510,4824726.97017446
20511,4819775.45062085
20512,4816682.61364055
20513,4816583.35990503
20515,4816416.91111507
20516,4810502.43960435
20517,4805887.74758291
20518,4805796.93959841
20519,4805165.75778373
20520,4804926.56486518
20521,4800360.4362997
21647,4791060.81706473
21648,4787635.71199767
21649,4782425.43397844
21651,4781551.38362937
21653,4781163.54362045
21654,4780806.63870626
21656,4780215.46487257
21657,4779918.71424505
21658,4778789.35029924
21659,4778678.23974066
21660,4778625.87184099
21661,4778568.00383366
21945,4774218.35999016
21946,4774171.02548711
21952,4774046.78560741
21960,4774036.9593793
22064,4769222.61483995
22065,4768960.40660786
22068,4768507.25210205
22071,4766207.42243596
22072,4759885.33386591
22073,4759458.80537899
22074,4758823.79346016
22075,4758748.89405635
22076,4758345.00501232
22079,4757617.4793343
22080,4756689.26429943
22291,4752718.01378336
22293,4750643.30197571
22294,4747366.63545847
22297,4747151.68553283
22301,4745220.07830036
22302,4741936.74281668
22303,4738604.90668963
22304,4736401.37326145
22307,4734178.55473034
22309,4732604.56200681
22310,4732560.23222579
22311,4729151.31233826
22312,4727014.88692329
22313,4726974.52978891
22315,4726917.93662462
22316,4722808.60707531
22317,4719609.68317775
22318,4719546.42430562
22319,4719104.82288667
22320,4718970.42838884
22321,4715807.73894741
23446,4709453.9183488
23447,4697771.38051508
23448,4695483.42976814
23449,4691948.19035468
23451,4691337.92117895
23453,4691068.06251683
23454,4690819.06747726
23456,4690406.97005105
23457,4690199.29978491
23458,4689409.64669872
23459,4689332.31888014
23460,4689296.11867404
23461,4689256.07614384
23747,4673202.35060448
23748,4673126.61998015
23752,4673023.91232161
23760,4673017.2231367
23863,4664620.4929849
23864,4659907.80521292
23865,4659724.35693629
23868,4659638.12991613
23871,4658371.11194986
23872,4654064.60235083
23873,4653766.85499149
23874,4653323.18504868
23875,4653271.60968525
23876,4652989.75739255
23879,4652483.19444556
23880,4651834.37723477
24094,4647576.48053722
24097,4647484.81655947
24101,4646218.93291971
24102,4643943.55845997
24103,4641634.79355911
24104,4640116.4005567
24107,4638636.02883233
24109,4637577.42519142
24110,4637546.79064114
24111,4635188.54718187
24112,4633707.0440223
24113,4633693.06306367
24115,4633682.80913312
24116,4630821.37069762
24117,4628597.49062287
24118,4628553.35970372
24119,4628244.34937761
24120,4628166.46309626
24121,4625969.04475891
24898,4611679.14938555
25235,4610291.25246741
25236,4609844.61844714
25237,4607305.90338403
25238,4605481.86622932
25239,4601904.21258729
25240,4596826.20989479
25242,4594825.5415173
25243,4588017.00449948
25244,4583142.740833
25245,4577779.54006522
25246,4567781.81794992
25247,4559711.33186632
25248,4558163.48151546
25249,4555743.67197404
25251,4555317.25092465
25253,4555129.14823978
25254,4554955.26252827
25256,4554667.63921604
25257,4554522.29706457
25258,4553969.98172541
25259,4553916.07254289
25260,4553890.95648723
25261,4553863.15460279
25552,4551018.65057913
25560,4551014.06084533
25673,4550789.55027012
25674,4550479.39212634
25675,4550443.70793938
25676,4550246.83765317
25679,4549893.5690538
25680,4549439.85432992
25903,4546271.98097743
25904,4545220.90527043
25907,4544221.68967459
25909,4543501.83084609
25910,4543480.58084614
25911,4541843.53065103
25912,4540813.33580848
25913,4540810.5409648
25916,4538822.13853997
25917,4537272.95214788
25918,4537242.13414723
25919,4537025.88114586
25920,4536979.29378381
25921,4535449.16844077
26690,4535275.9642149
26691,4524074.9546708
26693,4520198.80770875
26697,4516984.71618943
26698,4500369.04414731
27028,4499116.39757792
27029,4494618.98556065
27030,4493828.11016989
27031,4490299.53795668
27034,4489198.85224233
27035,4485579.20806031
27036,4485269.86451908
27037,4483576.7303749
27038,4482386.20316661
27039,4479970.47681719
27040,4476506.83853243
27042,4475295.29506819
27043,4470627.27995572
27044,4467315.58858918
27045,4463663.97365173
27046,4456770.52617103
27047,4451173.7582085
27048,4450116.58339719
27049,4448449.59716171
27051,4448151.47844021
27053,4448020.19776633
27054,4447898.6790682
27056,4447697.75674383
27057,4447596.03048487
27058,4447209.62623983
27059,4447171.99775441
27060,4447154.52631886
27061,4447135.17666425
27348,4444748.17463304
27349,4443642.76709385
27350,4442736.27360565
27351,4438368.70634251
27352,4431037.03206631
27360,4431033.86467351
27479,4422569.76125733
27480,4422252.38503922
27716,4419089.80615526
27717,4418009.06521431
27718,4417987.52869881
27719,4417836.17816903
27720,4417807.45420269
27721,4416740.3195342
28497,4415354.81076484
28498,4403856.78713535
28825,4402035.95257245
28828,4399565.57751606
28829,4396482.69630398
28830,4395996.72313045
28831,4393596.6945812
28834,4392984.09640492
28835,4390520.16343406
28836,4390305.24008894
28837,4389161.18972402
28838,4388370.10709021
28839,4386722.52793362
28840,4384342.55329829
28842,4383587.04582932
28843,4380367.43604259
28844,4378098.39575401
28845,4375592.5518418
28846,4370818.5680253
28847,4366926.59087658
28848,4366199.46552145
28849,4365045.74657394
28851,4364837.2477153
28853,4364745.54293429
28854,4364660.57848257
28856,4364520.13571266
28857,4364448.93382245
28858,4364178.55693219
28859,4364152.26988414
28860,4364140.09368293
28861,4364126.6036403
29134,4363935.10946689
29135,4360172.79886154
29136,4360014.66836428
29137,4354538.45551879
29138,4353330.36868731
29139,4352570.49814832
29144,4346560.47006946
29145,4339152.52970026
29146,4338078.50362637
29147,4324741.39702862
29148,4321531.78860561
29149,4320763.82438823
29150,4320243.5665465
29151,4317302.8894623
29152,4312289.66986896
29160,4312287.47495022
29276,4311751.28253401
29279,4304303.24223177
29280,4304081.1886825
29516,4302632.54214257
29517,4301877.83135534
29518,4301862.77347611
29519,4301756.84112514
29520,4301738.63907038
29521,4300993.58180753
30647,4292928.43093548
30648,4292425.76272317
30649,4291624.6134544
30651,4291478.75453409
30653,4291414.65511583
30654,4291355.22833173
30656,4291257.01779281
30657,4291207.17965028
30658,4291017.96780692
30659,4290999.59279024
30660,4290991.09581319
30661,4290981.67959399
30924,4281396.26941276
30927,4277737.82689885
30928,4272101.72914148
30929,4266421.16874954
30930,4265068.79114413
30933,4263738.53626366
30934,4262677.87860766
30935,4260123.56278391
30936,4260013.2874165
30937,4256263.90482466
30938,4255470.7173275
30939,4255027.43915021
30944,4251181.48540283
30945,4246098.55274439
30946,4245451.69249267
30947,4236223.00827424
30948,4234085.90517814
30949,4233551.1825454
30950,4233243.00298018
30951,4231241.67282124
30952,4227790.7057819
30960,4227789.18024434
31063,4227038.54720458
31064,4223216.81943261
31065,4215541.10934267
31071,4213850.55415307
31072,4208725.12958303
31073,4204541.60507624
31074,4197557.26906959
31075,4197387.89267677
31076,4193237.41357641
31079,4188422.62576484
31080,4188267.24208403
31316,4176586.03223287
31317,4176058.6205388
31318,4176048.08868734
31319,4175973.94242141
31320,4175962.1342967
31321,4175441.5433452
32453,4169364.19894713
32454,4169322.623881
32456,4169253.92520975
32457,4169219.04006848
32458,4169086.61724824
32459,4169073.76743588
32460,4169067.8324702
32461,4169061.25425398
32740,4167009.44323034
32741,4166693.41108453
32743,4166396.02645074
32744,4162526.42882493
32745,4159018.66250803
32746,4158617.28975182
32747,4152209.78309492
32748,4150767.52609965
32749,4150394.61789325
32750,4150206.33265036
32751,4148833.4020011
32752,4146446.28554481
32760,4146445.22301223
32855,4145207.55787296
32860,4132062.7571747
32861,4130359.23795021
32862,4129728.96189091
32863,4124597.95439711
32864,4122023.03815672
32865,4116752.66669377
32871,4116234.01206105
32872,4112765.16726202
32873,4109957.98490727
32874,4105192.56690261
32876,4102422.89965739
32879,4099247.97998529
32880,4099139.23777252
33101,4096420.59992887
33102,4090813.17862828
33103,4085133.44138287
33104,4081582.69892259
33107,4081056.48216036
33109,4080091.56105178
33110,4079454.73513119
33111,4073560.4200657
33112,4068158.59907616
33116,4060396.30609187
33117,4060027.55197595
33118,4060020.18392529
33119,4059968.28466521
33120,4059960.47630159
33121,4059596.52771046
34252,4056364.38908466
34253,4047473.59308988
34254,4047444.50214813
34256,4047396.4369442
34257,4047372.01810898
34258,4047279.33461517
34259,4047270.34596917
34260,4047266.19782315
34261,4047261.59950903
34551,4043274.08953102
34552,4041617.10264252
34560,4041616.36148814
34660,4034749.6739059
34661,4033650.50644876
34662,4033304.94160725
34663,4029811.19716159
34664,4028057.89946132
34665,4024418.92598125
34671,4024381.58739835
34672,4022011.68271503
34673,4020106.0846187
34674,4016830.86444344
34676,4015016.67085578
34679,4012889.98866536
34680,4012813.88203468
34891,4012492.52541899
34893,4009795.41522052
34894,4004313.51389554
34901,4002944.53961728
34902,3999114.97310687
34903,3995237.11783508
34904,3992851.89131288
34907,3992798.41357932
34909,3992344.54680332
34910,3992013.0562589
34911,3988003.65571306
34912,3984341.33342038
34916,3979406.86193138
34917,3979148.9467445
34918,3979143.79118926
34919,3979107.46323898
34920,3979102.22147305
34921,3978847.68534597
36046,3971648.05989104
36047,3961195.07261733
36048,3958838.24871107
36049,3954718.98123904
36051,3945025.23148642
36052,3941040.71135684
36053,3934938.4389605
36054,3934918.0809875
36056,3934884.44703906
36057,3934867.3542286
36058,3934802.4818983
36059,3934796.19289521
36060,3934793.29229467
36061,3934790.07662903
36352,3934327.68123109
36360,3934327.16370605
36465,3928099.99335357
36472,3926603.08617186
36473,3925298.28798491
36474,3923035.31435195
36476,3921826.41984775
36479,3920384.66548867
36480,3920331.39717714
36701,3916815.97127586
36702,3914182.13263458
36703,3911515.63473633
36704,3909895.11983879
36709,3909802.84016209
36710,3909626.797705
36711,3906877.36112291
36712,3904372.02219403
36716,3901162.46761574
36717,3900982.03120511
36718,3900978.42333575
36719,3900952.99452113
36720,3900949.43508839
36721,3900771.37146392
37829,3896654.37113641
37830,3896604.12287072
37840,3895022.05745307
37843,3890023.98245777
37844,3886482.06519129
37845,3882482.19562351
37846,3873878.78950821
37847,3866668.98881661
37848,3865128.83488223
37849,3862357.3028518
37851,3855732.05959423
37852,3853061.84790352
37853,3848849.68677809
37854,3848835.43898324
37856,3848811.90094954
37857,3848799.93616558
37858,3848754.5285309
37859,3848750.1277228
37860,3848748.09882224
37861,3848745.84940187
38147,3840836.69109824
38148,3838556.96827524
38149,3835575.56189105
38151,3833337.46336557
38152,3826845.78724137
38160,3826845.42560252
38265,3823826.75814153
38272,3822871.1230356
38273,3821972.03334017
38274,3820402.49523706
38276,3819586.17917763
38279,3818599.94348164
38280,3818562.65876524
38516,3815216.81460414
38517,3815090.5601846
38518,3815088.03517551
38519,3815070.23537305
38520,3815067.7975738
38521,3814943.20775228
39298,3800877.11677827
39646,3794208.37401325
39647,3789214.08582513
39648,3788189.69324307
39649,3786304.47886977
39651,3781745.39555841
39652,3779934.53405091
39653,3777015.14174358
39654,3777005.16965245
39656,3776988.69583667
39657,3776980.32057774
39658,3776948.53670177
39659,3776945.45686818
39660,3776944.03738251
39661,3776942.46354558
39929,3773262.3287816
39935,3772354.97163348
39937,3770607.10167747
39938,3770087.95331466
39940,3766269.25237177
39944,3762807.0647889
39945,3756516.05561971
39947,3744414.93974806
39948,3742928.75657196
39949,3740897.22149963
39951,3739561.4601318
39952,3735136.23924486
39960,3735135.98640572
40063,3733998.12883452
40064,3731027.14746254
40065,3724221.9685726
40072,3723598.20195988
40073,3722975.83100044
40074,3721884.28061384
40076,3721327.51531806
40079,3720648.416585
40080,3720622.31880334
40319,3705782.69265371
40320,3705781.01255804
40321,3705693.82649362
41453,3698880.79299935
41454,3698873.81320453
41456,3698862.28290931
41457,3698856.42027208
41458,3698834.17227837
41459,3698832.01675359
41460,3698831.02347852
41461,3698829.92216377
41728,3695547.29769359
41729,3690760.49730165
41735,3690491.32613893
41737,3689433.41756972
41738,3689156.31251576
41740,3686662.81665573
41744,3684626.46374773
41745,3680325.38292929
41747,3672066.85021914
41748,3671080.23716787
41749,3669685.33282158
41751,3668863.44458809
41752,3665824.07664323
41760,3665823.89980678
41858,3663305.82820194
41860,3649698.36257013
41861,3648933.40334564
41863,3645994.45591114
41864,3644015.06215076
41865,3639354.0625278
41872,3638939.56309999
41873,3638507.32942379
41874,3637746.73603311
41876,3637364.18173951
41879,3636894.33309089
41880,3636876.06538845
42102,3631334.34216635
42103,3626485.56652094
42104,3623785.57046065
42107,3623175.61027227
42112,3621216.47291162
42116,3617688.12712734
42117,3608991.42554956
42119,3597723.04849831
42120,3597721.88534961
42121,3597660.86824173
43257,3595794.82439638
43258,3595779.25115332
43259,3595777.74246174
43260,3595777.047348
43261,3595776.27660951
43547,3593796.56767681
43548,3593132.2589752
43549,3592169.13933292
43551,3591649.25848424
43552,3589550.26139408
43560,3589550.13768253
43658,3586947.4069838
43660,3577601.77584153
43661,3577159.60038439
43663,3575295.92638024
43664,3573959.49441597
43665,3570747.0812239
43672,3570467.77885297
43673,3570166.89401738
43674,3569636.18966508
43676,3569371.92055215
43679,3569045.73152573
43680,3569032.94449893
43884,3568725.03558541
43885,3566831.16196672
43886,3566441.04530214
43888,3562108.62539644
43891,3561270.08554921
43893,3560155.89510539
43894,3555542.55378042
43895,3552813.46142537
43897,3551144.58569542
43898,3547607.07339356
43901,3543643.67622389
43902,3539077.03172331
43903,3535780.84957152
43904,3533991.14552932
43907,3533786.5485157
43912,3532867.40983073
43916,3530896.70138174
43917,3524939.62467729
43919,3517294.87886469
43920,3517294.07099055
43921,3517251.36545226
45056,3512171.95238614
45057,3498169.34354002
45058,3498158.44244262
45059,3498157.38644465
45060,3498156.89995265
45061,3498156.3605248
45357,3487410.77028111
45360,3487410.26039543
45473,3485536.72537989
45474,3485166.07073365
45476,3484982.80661197
45479,3484755.79975701
45480,3484746.84901705
45693,3482394.67092356
45694,3479242.30119608
45695,3477411.23814754
45697,3476408.62553658
45698,3474018.66572527
45701,3471517.17850651
45702,3468416.1557561
45703,3466156.82904185
45704,3464953.17988031
45707,3464918.92577871
45712,3464497.1348583
45716,3463362.21440801
45717,3459256.2617709
45719,3454024.06758248
45720,3454023.50517225
45721,3453993.6144497
46847,3442982.51391666
46851,3434522.86005985
46852,3431832.96473027
46853,3424332.09545549
46856,3417702.39880992
46857,3408031.18701764
46858,3408023.5563341
46859,3408022.81717773
46860,3408022.47667625
46861,3408022.09912042
47152,3406522.86584963
47153,3397064.40665997
47155,3396468.4687414
47157,3384786.91505708
47160,3384786.55813857
47512,3382908.59040995
47516,3382233.9880721
47517,3379391.18174356
47519,3375787.01847307
47520,3375786.62630573
47521,3375765.70434552
48647,3366452.35714126
48651,3360926.03531862
48652,3359162.06098791
48653,3354032.73729557
48656,3349769.79844367
48657,3343063.95124507
48658,3343058.60980807
48659,3343058.09241928
48660,3343057.85408929
48661,3343057.5898216
48929,3341474.56170066
48940,3340947.75347492
48944,3337339.06731099
48945,3332080.4741418
48947,3322114.58227015
48949,3321302.77512159
48950,3320248.50306073
48951,3317993.87179759
48952,3312579.79303339
48953,3306080.15640063
48955,3305912.56665763
48957,3297994.3754786
48960,3297994.12563637
49314,3296657.72814955
49315,3296400.148529
49316,3294174.08198201
49317,3292199.48420558
49319,3289705.17252032
49320,3289704.8987479
49321,3289690.25413309
50457,3284907.75543433
50458,3284904.01644876
50459,3284903.65428674
50460,3284903.48746605
50461,3284903.30248915
50716,3283381.67834654
50717,3281258.3725268
50720,3280767.08754216
50721,3280034.18480689
50722,3279818.62476363
50723,3277981.82709602
50724,3273213.00376846
50725,3271462.5991458
50726,3271336.91657489
50727,3266851.35362935
50729,3264731.00206238
50744,3262907.05386232
50745,3259328.66424388
50747,3252564.78833373
50749,3252218.10132974
50750,3251594.39848714
50751,3250132.77660294
50752,3246461.873868
50753,3241971.55777707
50757,3236560.65809965
50760,3236560.48321044
50876,3234424.08147962
50879,3227275.01093098
50880,3216828.1242511
51107,3211908.65218115
51108,3209395.00074013
51109,3208622.11025372
51111,3204910.02040818
51112,3201315.76159671
51113,3199289.64462783
51114,3193536.95376873
51115,3193363.90877815
51116,3191813.05739727
51117,3190438.36861401
51119,3188706.36571033
51120,3188706.17443454
51121,3188695.92357527
52553,3176573.50650943
52557,3172907.95874955
52560,3172907.83632728
52660,3166713.8919979
52662,3165672.03238264
52663,3162747.20088884
52664,3161108.56591686
52665,3155666.71822692
52666,3155176.59449818
52672,3153736.01361702
52673,3151357.58587571
52674,3145928.23698442
52676,3144551.4591413
52679,3139813.00335725
52680,3132637.79428134
52905,3126006.41611128
52906,3125500.60494997
52907,3118659.37534704
52908,3117009.44213833
52909,3116474.09105618
52911,3114106.5357643
52912,3111709.50699627
52913,3110412.50991806
52914,3106509.24351669
52915,3106391.66978774
52916,3105309.69747012
52917,3104351.10485535
52919,3103145.57030801
52920,3103145.43659377
52921,3103138.26117411
54360,3093322.10315385
54463,3092410.79979386
54464,3091364.04851348
54465,3087657.38073052
54466,3087419.2521204
54472,3086989.9491945
54473,3085446.33457558
54474,3081769.40755168
54476,3081059.8946615
54479,3077873.26347666
54480,3072918.04680752
54684,3067475.71680316
54685,3066572.41380987
54686,3066546.49162283
54702,3064022.01232775
54703,3060474.59828234
54704,3058143.74862206
54705,3052055.01031484
54706,3051805.90050192
54707,3047124.33017987
54708,3046023.09210577
54709,3045651.12575485
54711,3044106.98177454
54712,3042487.34831292
54713,3041638.87991017
54714,3038967.16585721
54715,3038886.60755153
54716,3038131.0025172
54717,3037461.79555829
54719,3036621.28644292
54720,3036621.19293056
54721,3036616.1702259
56160,3028592.33621025
56475,3028435.76728408
56476,3027326.90130391
56477,3024530.96200331
56478,3022714.22825902
56479,3022171.67143828
56480,3020317.22617797
56481,3019844.99833172
56482,3019293.5013622
56483,3017870.08359158
56484,3011527.23633118
56485,3010911.47937476
56502,3010259.89519128
56503,3007874.66615949
56504,3006343.36459729
56505,3002183.87338224
56506,3002060.9259332
56507,2998836.39900376
56508,2998091.85278618
56509,2997832.83824976
56511,2996807.3783783
56512,2995702.1954264
56513,2995137.38802496
56514,2993296.86867761
56515,2993241.33208288
56516,2992713.27859697
56517,2992245.71958273
56519,2991659.01208518
56520,2991658.94666946
56521,2991655.43081986
56575,2983020.23976589
56578,2982390.22744011
56579,2973830.59473559
56581,2970012.76717734
57176,2968148.66019253
57177,2965427.93176791
57958,2962864.83085723
57960,2955986.88076073
58292,2953142.35867772
58293,2951532.8534137
58294,2949833.87439246
58298,2949074.24543595
58301,2949071.63244749
58302,2947531.6701982
58303,2945910.01066795
58304,2944887.24324241
58305,2942025.88593588
58306,2941965.02313735
58307,2939733.61471178
58308,2939225.32937227
58309,2939044.6865323
58311,2938354.03067051
58312,2937594.39723509
58313,2937213.30108951
58314,2935939.48098633
58315,2935901.02393745
58316,2935531.81281599
58317,2935204.95557595
58319,2934795.06828044
58320,2934795.02251047
58321,2934792.56143714
58356,2931136.87182906
58357,2928648.72960768
58358,2926641.38895605
58362,2924396.44429055
58364,2923045.71723987
58374,2917690.18953267
58375,2909157.20029552
58378,2908989.02688489
58379,2903045.6662636
58381,2900514.9732025
58921,2892394.20873095
58975,2892197.25041738
58976,2889711.28559924
58977,2887821.63084599
59458,2880615.46585287
59761,2878104.80288544
60111,2876929.76125795
60112,2876404.8752223
60113,2876145.09974776
60114,2875260.55196112
60115,2875233.83712494
60116,2874975.59823608
60117,2874747.01086231
60119,2874460.48565231
60120,2874460.45362364
60121,2874458.7308828
60156,2870457.65292031
60157,2868767.69605803
60158,2867434.1939899
60162,2866137.95128803
60164,2865390.69635256
60174,2862376.16099684
60175,2856529.01813084
60179,2852408.34087824
60181,2850706.33098802
60707,2842571.94854432
60708,2836098.06205856
60709,2830983.58016225
60710,2830813.82450828
60711,2830291.66469094
60712,2828532.34194274
60719,2824300.90601446
60720,2824298.58100445
60721,2816323.2397558
60778,2812561.5779032
61560,2808259.26120848
61561,2802162.03422294
61976,2791980.17884935
61977,2791175.19187794
61978,2788853.49974997
61979,2785969.46474827
61981,2784812.10069886
62502,2780865.90675539
62503,2778133.62919278
62505,2776133.99920151
62507,2769470.18318536
62508,2765048.08544533
62509,2761579.90331791
62510,2761575.36196013
62511,2761212.62435573
62512,2760033.26477602
62519,2757545.83299809
62520,2757544.22040893
62521,2752101.42553488
62561,2749521.1170634
62562,2747058.80615267
62563,2743761.26192487
62574,2740157.52568237
62575,2740038.47445283
62578,2737920.50942131
63360,2731791.83250958
63361,2727663.7176197
63779,2720910.29262826
63781,2720116.81880181
64307,2717734.50541363
64308,2714692.75216761
64309,2712319.88272642
64311,2712120.14776809
64312,2711320.15757087
64319,2709811.49627853
64320,2709810.37477586
64321,2706068.99092402
64348,2702402.80382454
64349,2700892.86296944
64350,2698934.76873843
64354,2696406.9228061
64356,2690757.72381282
64357,2690676.88274259
64358,2690107.22153251
64359,2684141.29605005
64361,2682497.61633002
64362,2680869.62709251
64363,2678659.30693304
64374,2677286.95414716
64378,2676208.65326454
64499,2671933.59894672
65153,2664135.30233425
65157,2661347.21121135
65160,2657054.8655053
65161,2654233.75764238
65579,2648237.56118605
65581,2647690.30320152
66151,2642385.70293326
66153,2641983.64765124
66154,2640025.72235684
66156,2636180.52190585
66157,2636124.00014403
66158,2635811.53609697
66159,2631724.01945925
66161,2630712.05211447
66162,2629619.31756421
66163,2628120.09424459
66174,2627723.07596057
66178,2627207.19448778
66291,2625634.46756127
66292,2624128.6955227
66298,2620908.64220688
66299,2609124.67028085
66658,2602466.54643768
66953,2594870.71782013
66957,2593427.5172341
66960,2590696.63369408
66961,2588755.45874444
67379,2574685.48409863
67381,2574306.40861951
67969,2569437.18099615
67971,2568714.67733903
67974,2566475.66998365
67978,2566231.62823378
68098,2562951.33132453
68099,2554837.83017631
68447,2549556.13697269
68451,2545166.27493584
68453,2541429.90233149
68454,2537399.69193143
68457,2535154.11257673
68458,2524477.14796339
68747,2519173.63693853
68752,2518633.12651113
68753,2512241.87692148
68757,2511480.78347926
68760,2509703.30664381
68761,2508360.94845072
69179,2495142.36774368
69181,2494878.97741223
69476,2493744.88873454
69477,2491455.2914282
69478,2490905.28302568
69781,2487724.46630813
70251,2485241.0158311
70253,2482865.79220806
70254,2480090.78776582
70257,2478825.75766546
70258,2471484.82923611
70532,2470279.86923499
70533,2468079.20424769
70535,2467240.37474776
70545,2463997.99260776
70547,2456836.27912167
70553,2452676.76990974
70557,2452266.0865145
70560,2451087.58213455
70561,2450155.9988925
70963,2448205.5331733
70964,2444388.30957944
70965,2440076.54664395
70975,2436118.65130578
70976,2428464.17206018
70979,2419724.59454066
70981,2419541.18293557
71576,2417212.00723659
71579,2412082.47485785
71581,2409756.97690723
72352,2409172.3339801
72353,2406184.95059317
72357,2405957.29240353
72360,2405164.54674594
72361,2404516.39154812
72756,2398505.31811135
72757,2396332.97113037
72762,2395678.36168927
72763,2393964.88872655
72764,2391393.12541085
72765,2388477.516956
72775,2386798.19476618
72776,2381568.34129426
72779,2375849.4774306
72781,2375721.56050422
73074,2374950.51022427
73076,2369407.72775019
73319,2361207.06981719
73321,2355455.54827506
73374,2354628.52865116
73376,2346667.57070707
73379,2343475.73844196
73381,2342125.44547652
74161,2338731.43287942
74865,2337711.32143656
74872,2337480.08403211
74874,2332293.63325386
74876,2328667.91712201
75085,2327605.48992555
75095,2326059.6303052
75107,2323233.62018789
75108,2318479.21930214
75109,2315120.80780583
75111,2314207.51439976
75112,2313302.55269311
75113,2311318.94717597
75114,2304534.01602598
75116,2298435.92755561
75117,2295540.4300693
75118,2290473.14467082
75119,2278204.54959217
75121,2274456.04011268
75176,2274133.91711629
75179,2272095.06632671
75181,2271285.86349491
76868,2270739.32983686
76870,2270107.47584753
76871,2268338.73391408
76872,2267287.69141696
76875,2266092.47475667
76876,2265204.45930232
76877,2264395.5192557
76878,2263413.82130362
76880,2262620.68862922
76881,2261929.09762208
76882,2261064.05539987
76883,2259360.70509646
76884,2256582.59626251
76885,2254720.64238025
76895,2254124.5722148
76907,2253079.66466038
76908,2249861.20684035
76909,2247622.27399293
76911,2247177.78648928
76912,2246663.26569462
76913,2245396.02663263
76914,2240770.19202763
76916,2236755.76169837
76917,2234743.8586649
76918,2231329.70568597
76919,2222876.96833091
76921,2220389.01393927
76967,2219487.53015095
76971,2219077.42203535
76972,2218471.6373485
76974,2212871.05807811
76976,2205947.78013402
76979,2204616.34616135
76981,2204116.54527865
78718,2200532.77488382
78719,2194682.14554328
78721,2193007.21856869
78742,2192208.37165304
78743,2190619.08076312
78744,2185896.6205345
78745,2184031.1586997
78748,2181991.74297349
78751,2180773.38296998
78754,2179529.63303757
78755,2176161.98951506
78756,2169887.81002502
78757,2169833.11441651
78759,2165902.92772397
78763,2164547.99043105
78767,2163765.24265124
78772,2163569.01119582
78774,2159893.50770654
78776,2155301.44474568
78779,2154416.36413903
78781,2154099.15765993
80522,2154027.56487096
80523,2153971.52948307
80529,2153535.11302
80530,2151710.92641449
80531,2150447.50495568
80532,2149654.94153301
80535,2148486.37467638
80537,2148383.2882869
80538,2147654.27140828
80541,2147133.83068212
80542,2146547.54472258
80543,2145486.35389963
80544,2142234.2769396
80545,2140984.43125525
80548,2139665.04400676
80551,2138836.45883464
80554,2138153.19019192
80555,2135875.14132616
80556,2131564.84968313
80557,2131526.59981281
80559,2128950.39912803
80563,2128293.91674466
80567,2127996.01034799
80574,2125658.09568478
80576,2122568.22509617
80579,2121971.66102689
80581,2121765.61701952
81058,2114882.64418973
82344,2114074.89917078
82345,2113227.43621573
82348,2112356.88498412
82351,2111788.7661105
82354,2111402.28265248
82355,2109846.50623045
82356,2106869.30274033
82357,2106842.54598836
82359,2105124.92120901
82363,2104808.45066427
82367,2104722.42454071
82374,2103268.31117752
82376,2101166.44277266
82379,2100760.11417829
82381,2100623.72363185
82835,2097725.40635655
82854,2096527.6834712
82856,2088542.90511137
82857,2080411.82906525
82858,2072029.9124519
84179,2066127.83349207
84181,2066036.20183634
84624,2064624.00837847
84631,2061431.05341625
84635,2058727.5013093
84656,2054026.09258316
84657,2048464.95375088
84658,2042730.55892153
84961,2041798.21186871
85955,2041320.99762833
85956,2035543.28613828
85957,2034437.9629197
85959,2034270.47850996
85974,2033982.93674395
85979,2030168.07989709
85981,2030105.8201842
86425,2029790.06142427
86431,2027524.13946322
86435,2025748.6301377
86456,2023303.55168069
86457,2019474.75555409
86458,2015525.82310555
86761,2011796.23455476
87760,2011254.60115852
87761,2010461.76079426
87763,2010260.39105719
87765,2009372.77022878
87767,2007572.48246323
87779,2005462.03482904
87781,2005419.37542862
88224,2002360.06732002
88225,2002050.93792884
88231,2000524.76814626
88235,1999339.23042158
88256,1998042.1702508
88257,1995393.37347962
88258,1992661.04129232
88535,1992282.1598912
88547,1988500.16773122
88548,1988088.09002631
88554,1987560.15611183
88557,1986997.68983371
88558,1986760.24905607
88561,1984291.23741385
89555,1983176.2433357
89556,1982401.02788049
89557,1980626.13640984
89560,1978019.96887946
89561,1977471.38976702
89563,1977399.05180307
89565,1976787.16445254
89567,1975630.96473265
89579,1974707.64646046
89581,1974678.23685547
90039,1974578.06269308
90047,1974376.79196158
90054,1973354.22273314
90056,1971551.95475868
90057,1969713.1636724
90058,1967816.17219936
90339,1965709.07305101
90340,1964975.96990956
90346,1964912.8067654
90347,1961023.93870697
90348,1960736.69494676
90354,1960705.82053689
90357,1960696.9401422
90358,1960663.67839786
90361,1959293.03671593
91345,1958479.16633772
91352,1958101.28166831
91355,1955892.34864731
91356,1955351.22222346
91357,1954162.03831033
91360,1952461.35301488
91361,1952080.48811601
91363,1952063.47575873
91365,1951639.78375574
91367,1950881.40479266
91379,1950506.53958728
91381,1950486.17433169
91839,1947471.68060723
91847,1947366.81974217
91854,1946695.67273213
91856,1945441.70750667
91857,1944162.08340651
91858,1942841.85349384
92136,1941878.51635184
92137,1941685.3375762
92138,1941593.83138631
92139,1937406.98942558
92140,1936895.06734899
92147,1934294.47578487
92148,1934093.998363
92161,1933678.36551439
93176,1929311.76302303
93177,1928650.07788504
93178,1928566.80408109
93179,1926328.68030402
93181,1926314.53314438
93640,1925959.16939484
93641,1925740.8871006
93642,1925708.78859685
93647,1925547.12272478
93654,1925099.19902818
93656,1924225.15832513
93657,1923333.11098854
93658,1922412.70546771
93925,1922381.01925879
93936,1921846.45677213
93937,1921711.8098713
93938,1921648.2260208
93939,1918806.06784829
93940,1918448.33495466
93947,1916709.17769585
93948,1916569.13417358
94660,1908755.7810777
94667,1906827.17446204
94668,1903218.16979696
94976,1901019.2255987
94977,1900556.99160997
94978,1900506.36406566
94979,1898947.47599838
94981,1898937.62616108
95440,1896177.80761291
95441,1896025.5877857
95442,1896003.80442925
95447,1895897.74067082
95454,1895594.91489631
95456,1894984.91653201
95457,1894362.29126782
95458,1893719.84755808
95736,1893046.31631626
95737,1892952.34682432
95738,1892908.06866536
95739,1890961.98723261
95740,1890711.87436146
95747,1889534.28012996
95748,1889436.39209417
96116,1888616.46550635
96119,1884735.72452284
96759,1879898.29940319
96760,1878465.02044796
96776,1877189.14095052
96777,1876866.04050625
96778,1876834.35664327
96779,1875746.95629875
96781,1875740.08746812
97236,1875034.45991998
97240,1871165.13487017
97241,1871058.86410272
97242,1871043.95169533
97247,1870973.18721692
97254,1870766.46237319
97256,1870340.36028082
97257,1869905.40845288
97258,1869456.59953194
97529,1869355.28496411
97536,1867938.66682624
97537,1867873.02701782
97538,1867842.14526938
97539,1866501.16861757
97540,1866326.23668342
97547,1865521.43048771
97548,1865452.97865325
97887,1863078.17692013
97899,1862517.712205
97900,1858254.14490104
97904,1857870.80813445
97905,1857330.2480348
97907,1857216.2261224
97911,1856039.41222592
97913,1853068.16580469
97914,1849218.18619394
97915,1849115.38963809
97916,1847908.09216418
97919,1845387.32825752
97981,1845066.8271298
99354,1844372.51668616
99671,1844087.01395078
99672,1843699.29892
99673,1843254.39961882
99675,1843079.18490737
99676,1841805.75644155
99677,1839788.30088514
99684,1837990.2798512
99685,1837036.2988284
99686,1835321.94388509
99687,1831595.11906748
99699,1831581.46554539
99700,1828641.62993044
99704,1828534.89205237
99705,1828163.29668663
99707,1828094.51934262
99711,1827478.95770832
99713,1825523.19174671
99714,1822896.42019318
99715,1822834.3707131
99716,1821992.00483023
99719,1820323.38993864
99760,1812852.10964307
99764,1812095.30671647
99765,1811280.07862174
99767,1808701.21682356
99773,1806723.83333401
99774,1802136.48340588
99775,1800068.80616873
99779,1799159.34690182
99780,1798435.23069372
99781,1797231.20239799
101519,1792589.30729598
101537,1790839.9729991
101544,1789766.07821421
101545,1788596.75534358
101546,1786755.14990406
101547,1783175.93075099
101559,1782210.6711942
101560,1776315.08291683
101564,1775931.8506512
101565,1775377.98147227
101567,1773771.12613465
101573,1772603.56587369
101574,1769505.01203838
101575,1768183.58757238
101579,1767946.1423735
101580,1767446.44602134
101581,1766743.57021433
102119,1763977.10291357
102596,1763844.76780632
102954,1762542.38675871
102956,1762285.12494817
103314,1761968.66208501
103317,1760793.7387943
103319,1754524.46818859
103360,1753345.78046729
103364,1753149.31747502
103365,1752769.83638858
103367,1751742.22813358
103373,1751031.07395996
103374,1748917.25592129
103375,1748053.97409909
103380,1747737.09204128
103381,1747313.65153638
103665,1747069.56413148
103667,1745591.51827154
103674,1742368.38102929
103676,1735469.32153543
103680,1731815.75445027
103681,1731187.50615433
103916,1729371.56243448
103919,1722554.08875839
104396,1721907.10926192
105107,1721010.93693011
105114,1719606.55033892
105117,1718927.41189669
105119,1714807.14847269
105177,1705700.1329273
105178,1705211.64940231
105179,1702719.18941472
105180,1702478.52777188
105181,1702215.71997284
105359,1700155.09956729
105360,1697292.13548185
105361,1697255.71279129
105710,1696934.1004231
105711,1694433.74500756
105713,1693365.34342296
105714,1689940.38297742
105716,1685833.24201546
105719,1681339.37240701
105779,1677134.02772715
106916,1676485.35113753
106917,1675107.2315587
106919,1672354.4779019
106977,1671514.07380509
106978,1671187.77639567
106979,1669458.96986696
106980,1669291.35202427
106981,1669123.8508366
107156,1668297.93268066
107157,1659999.64390788
107158,1657667.27818368
107159,1653544.75698192
107160,1651673.63458924
108776,1647417.32391301
108777,1641632.53359043
108778,1641411.78952229
108779,1640209.42352887
108780,1640092.50523956
108781,1639983.3219013
108940,1636944.9156708
108956,1632885.2086895
108957,1627207.02094855
108958,1625707.31174161
108959,1622871.25868565
108960,1621626.61971966
110576,1620634.93260418
110577,1616654.77563751
110578,1616504.01020786
110579,1615666.17531503
110580,1615584.5354708
110581,1615512.06020565
110740,1611617.63821299
110756,1610033.21741632
110757,1606122.48705366
110758,1605137.8345408
110759,1603176.95617641
110760,1602337.63078757
112321,1601416.9386426
112499,1596667.05361385
112500,1596523.73370218
112501,1596498.46931276
112540,1595188.89501961
112556,1594695.91376616
112557,1591989.76302973
112558,1591332.42679741
112559,1589971.74774198
112560,1589399.8616946
112919,1585585.14813265
112920,1583060.19989703
112921,1582998.29648196
113159,1581538.92531978
113160,1580580.86136779
113161,1579572.16536477
114117,1570021.39912378
114120,1567791.32720897
114121,1566875.02022795
114357,1556557.65300244
114358,1556113.15869788
114359,1555166.53190091
114360,1554773.87611289
114719,1551247.87276046
114720,1549618.02059552
114958,1547112.70766001
114959,1540973.30250433
114960,1540322.24460997
114961,1539756.10140785
115919,1533828.28602917
115920,1532140.7981982
115921,1531639.32731149
116159,1528066.80492643
116160,1527795.70145295
116339,1522945.56549215
116340,1521780.39146539
116518,1521397.98725858
116519,1516710.97193141
116520,1515637.50509995
116758,1513441.22938596
116759,1509275.83477744
116760,1508829.69181868
116761,1508501.9641372
117719,1503394.72906615
117720,1502280.91726847
117721,1501998.46020777
118141,1501473.83046752
118257,1501141.65198559
118259,1496238.80096999
118261,1495957.7175602
118319,1493588.28710821
118320,1492869.90087135
118557,1484648.07696984
118558,1482901.29298164
118559,1480050.28936589
118560,1479742.69210273
118561,1479546.8832801
119758,1478951.18636808
119759,1473227.13305165
119760,1472470.43993873
119761,1472358.62840049
120059,1469962.1556769
120061,1469822.00330125
120357,1466808.32332417
120358,1465718.52133243
120359,1463754.55738041
120360,1463541.54367211
120361,1463420.94176792
120659,1461320.94364565
121319,1456567.20486025
121321,1456514.01878629
121559,1456146.11306188
121560,1455633.07060776
121739,1455267.83651395
121740,1455020.87449531
122159,1451869.53167482
122160,1451721.5512232
122161,1451645.19738338
122458,1447581.22198478
122459,1444334.42499263
122579,1437161.68916038
122581,1437090.38467147
122817,1435887.61894295
122819,1432752.08871576
124259,1430268.64654462
124378,1428684.75322365
124379,1423634.61630748
124381,1423588.07750656
124619,1423422.90920526
125459,1419392.91451314
126957,1419060.01556558
126959,1416738.20129896
127559,1413785.73846964
127561,1413701.14499456
127977,1411883.49881943
127978,1409236.65182146
127979,1405134.51729233
127980,1404076.98456603
127981,1403925.46894552
129748,1402863.59534537
129749,1401718.82819041
129751,1399023.67706806
129752,1398420.61982185
129778,1398384.70885792
129779,1395623.64371164
129780,1394916.03583831
130017,1392242.79186023
130019,1388917.88760526
130020,1387523.23034133
130021,1387298.63604966
131577,1385506.58108181
131578,1384367.83274481
131579,1382489.19736422
131580,1382009.87772008
131791,1381264.05972016
131792,1380782.16278404
131819,1378885.59148211
131820,1377987.76790118
131821,1377970.49589701
131999,1377224.24612846
132000,1375613.04617046
132240,1374144.02408142
132297,1373140.73424444
132300,1371993.58184031
133349,1370711.9724711
133351,1369137.02909538
133352,1368764.0240538
133377,1368743.23502345
133378,1367978.03171422
133379,1366689.5009565
133380,1366361.82008053
133653,1364444.57173599
133677,1360970.33184877
133679,1358224.64311128
133680,1357514.12740636
134100,1357109.81700607
135151,1354892.61910891
135152,1354703.81997981
135179,1354695.66711801
135180,1354470.13351354
135448,1347884.74604245
135449,1347233.29148023
135451,1346835.03166176
135452,1346558.21774824
135453,1343985.11946445
135477,1343533.13972361
135479,1341723.94708917
135480,1341267.07053985
135658,1339163.25092323
135659,1335927.39298627
135660,1335309.34665599
137040,1334800.89781893
137041,1334708.40294694
137091,1332603.66855753
137097,1330816.39590332
137098,1330478.10878778
137152,1330457.34086901
137156,1330198.25879734
137157,1326169.77354587
137278,1323077.33699702
137279,1321635.10983395
137280,1321335.13362705
137441,1318183.87575036
137446,1317633.37550955
137447,1317283.63771243
137448,1314588.64725398
137451,1314025.71266866
137457,1312890.06029935
137458,1309984.56632392
137459,1307854.74496805
137460,1307471.60458241
138957,1305203.32927112
139060,1303892.22504058
139061,1301551.54681207
139078,1301442.81798165
139079,1300459.61488758
139080,1300259.35185779
139233,1299565.51348646
139238,1299422.08780099
139239,1299312.76909386
139240,1296255.16040468
139241,1294089.71791674
139246,1294083.93406197
139247,1293906.00090857
139248,1292129.13038766
139251,1291978.87033392
139257,1291486.32876803
139258,1289584.06220734
139259,1288159.47406623
139260,1287915.52689861
140933,1287824.15131394
140936,1287167.63402119
140937,1283810.89312477
140938,1281451.6124929
141040,1280754.93641435
141041,1279332.42267279
141048,1278232.48688744
141057,1278050.16828553
141058,1276783.05551188
141059,1275818.32434902
141060,1275659.44437183
141172,1275643.66511018
141177,1273362.08307759
141178,1270878.12810809
141179,1268093.28211559
141180,1268034.62985768
141838,1265512.14788468
141839,1262760.90056154
141840,1262409.3886349
142079,1261200.37828466
142080,1260743.71000867
142738,1259659.18651983
142900,1258144.43910306
142901,1256557.20272091
142902,1256393.09441541
142905,1256293.0928594
142906,1254785.34771982
142908,1254480.87200913
142911,1254372.15552003
142960,1253473.84825903
142961,1252421.72699423
142966,1250788.21656897
142968,1250017.11043165
142971,1249848.3481623
142972,1248807.75429757
142977,1247449.9080335
142978,1245844.08635485
142979,1244029.9733601
142980,1243990.13416262
143037,1242415.02136959
143038,1240358.51939376
143039,1239889.07465179
143638,1237951.58912265
143639,1236160.99519646
143640,1235988.26870511
144540,1234658.02386615
144717,1231890.01850625
144718,1230865.52019943
144719,1230054.05368165
144760,1227134.23725588
144761,1226428.46849773
144766,1225318.32451812
144768,1224865.19040311
144771,1224771.56644092
144772,1224049.18706503
144777,1223215.93264797
144778,1222157.00140491
144779,1220953.40911659
144780,1220926.11819606
144820,1220178.33387806
144821,1219074.16570778
144826,1215953.80729146
144828,1214746.20057327
144829,1213630.70806484
144830,1212907.83133246
144831,1212212.16145784
144832,1208453.64234578
144833,1208393.34346071
144836,1207976.62950105
144837,1206021.09557247
144838,1204714.49098939
144839,1204390.2621562
145437,1203082.69572658
145438,1201127.68719089
145439,1199940.55825055
145440,1199855.58231669
145677,1198395.04808809
145678,1196877.15222584
145679,1195561.58230915
146636,1193975.86850388
146637,1192668.49609634
146638,1191819.01682018
146639,1191594.20405519
146686,1190069.87765382
146688,1189189.23327123
146689,1187436.34164072
146691,1186537.83421559
146692,1182232.95685701
146693,1182093.28040647
146694,1181899.92090192
146696,1179539.38295167
146697,1177019.17497202
146698,1175162.80408535
146757,1174192.51281759
146758,1172873.34698836
147231,1172816.44997576
147232,1170545.77466593
147237,1169499.49719763
147238,1168263.93802265
147239,1167465.42830033
147240,1167423.55212557
147472,1165606.06484556
147476,1164007.22412521
147477,1161602.77661311
147478,1160622.75222938
147479,1159747.37858514
148497,1159733.22093086
148498,1158566.70811019
148551,1158002.743291
148552,1153801.19645701
148553,1153775.83443757
148554,1153125.2408551
148557,1151777.99156655
148558,1150960.53698306
148737,1149811.22778387
148738,1148537.58428628
148858,1147236.78794893
149029,1146814.19040385
149031,1146340.47518083
149032,1144779.75209746
149037,1144439.89669958
149038,1143640.14920909
149039,1143097.10786607
149040,1143076.42196341
149269,1140105.91612794
149271,1139926.81589653
149272,1135560.24539907
149276,1134689.73646218
149277,1133137.23760371
149278,1132491.64686782
149279,1131901.19271259
149456,1131553.10382456
149457,1129427.27812055
149458,1128045.83972727
149459,1127318.47990558
149636,1127044.26718984
149637,1124625.85305667
149638,1123488.39768729
149639,1122070.28092667
150956,1121582.91250373
150957,1120018.33548311
150958,1118852.90580372
150959,1117993.71636027
150960,1117953.93792365
150961,1117425.89912837
151018,1117043.29739864
151019,1116623.11819526
151072,1114614.2108041
151076,1114126.70753628
151077,1113103.95939135
151078,1112671.85477927
151079,1112269.46749452
151252,1110692.10383813
151253,1110623.27269235
151255,1110289.95853957
151256,1107404.0102116
151257,1106046.54661879
151258,1105208.18543071
151259,1104718.32683715
151316,1101232.26677497
151317,1099404.76835732
151318,1098361.80609287
151319,1098175.15623332
151436,1095391.07667997
151437,1093828.80118675
151438,1093111.69862541
151439,1092193.44662632
153035,1088243.97960776
153036,1087602.5144738
153038,1086265.75594348
153040,1084804.5211021
153041,1084223.50601288
153042,1080696.94803707
153043,1079183.92288692
153048,1078730.80203929
153049,1076987.68671562
153052,1073517.3813395
153053,1073470.10477335
153055,1073272.18251293
153056,1071380.30068335
153057,1070494.07722439
153058,1069970.26077946
153059,1069636.81347198
153117,1069274.6657683
153118,1068677.53898319
153119,1068548.13501589
153237,1065711.97399341
153238,1065248.7691371
153239,1064642.46330709
153839,1063932.95037438
153841,1063874.5760195
154558,1062960.72817739
154559,1061337.44074525
154838,1060904.09356435
154840,1060026.99105703
154841,1059713.57649457
154842,1057340.61431151
154843,1056349.71372009
154848,1056257.86323332
154849,1055149.63770675
154852,1053050.42057393
154853,1053017.77054321
154855,1052896.56980772
154856,1051635.11070701
154857,1051046.11480318
154858,1050710.33112123
154859,1050481.55032291
154902,1047242.9332115
154903,1045785.04702386
154912,1042190.03433671
154913,1042146.24932322
154915,1040676.49516152
154916,1038684.32094797
154917,1038140.40506232
154918,1037787.56024475
154919,1037697.59042549
155095,1036985.93497938
155096,1034876.48475444
155097,1033208.6218947
155098,1033058.2263271
155099,1032708.65496067
156598,1032030.88206132
156599,1030741.68394898
156600,1030624.32552628
156601,1029611.35361385
156659,1028227.14692304
156712,1027032.3887878
156713,1027002.18655485
156715,1026115.827102
156716,1024815.89471837
156717,1024450.80681739
156718,1024235.73597176
156719,1024173.05744763
156772,1022938.34300809
156775,1022041.50869895
156776,1020402.69872815
156777,1019804.04349128
156778,1019398.15544067
156838,1018488.55501341
156895,1016961.97322194
156896,1015613.64006448
156897,1014576.75046266
156898,1014474.51832557
156899,1014237.90246331
157435,1013655.5876372
157436,1011515.33000181
157437,1010242.33771583
157438,1009879.61224576
157439,1009455.68000773
158339,1009240.88207815
158341,1008477.1342716
158392,1006166.39828167
158393,1005647.34582014
158395,1004901.2290656
158396,1003023.60430454
158397,1001764.16880567
158398,1001030.221622
158399,1000263.06214336
158400,1000237.26595048
158401,999668.129611785
158700,998942.758269579
159179,997889.164954149
159232,997201.993262793
159235,996801.796970432
159236,995431.898625656
159237,994671.41842547
159238,994449.739143295
159239,994169.890513052
160076,992909.461530597
160077,991938.058878972
160078,991668.238284448
160079,990807.56684598
160189,989898.160120253
160190,989245.880221995
160192,986641.567049467
160193,986351.051898721
160195,985896.272725024
160196,984710.217392276
160197,983936.317733839
160198,983555.501505273
160199,983084.776678225
160201,982764.510270598
160621,982523.912006019
160741,981791.606014944
160977,981634.048725901
160978,981622.435613976
160979,980942.418888444
161036,980584.006754456
161037,980115.671670325
161038,979976.28816077
161039,979788.677048424
161875,978628.430097567
161876,977533.307443323
161877,976949.960135481
161878,976795.168018198
161879,976318.876053092
161992,976101.888294957
161993,975934.210259873
161995,975648.941089981
161996,974881.560537057
161997,974392.606319629
161998,974191.178891633
161999,973894.152048619
162001,973717.096881874
162181,973378.40531633
162353,973136.549501465
162354,972720.546026359
162359,972269.907494657
162360,971877.264662693
162361,970472.019763844
162412,969331.712685354
162413,968762.664141839
162414,968464.602375607
162421,967733.656978282
162532,966295.947808493
162533,966071.79396556
162534,965287.615737941
162535,965047.97265252
162536,964330.144555137
162537,963974.073806198
162538,963791.478638637
162539,963332.380733866
162540,962557.514347153
162541,961293.390614111
162661,960002.320398111
162781,958385.022994232
163795,956502.854178546
163796,955996.4882997
163797,955680.080363804
163798,955571.001690887
163799,955378.998363378
163801,955278.154092767
164215,953562.436683376
164216,953317.64430406
164217,953235.402057921
164218,953172.008665704
164219,952944.321615372
164220,952870.328964662
164221,952161.003930272
164581,950733.301998969
165416,950161.53713652
165417,949849.7813001
165419,949624.585820741
165575,948548.970755653
165577,948086.876854279
165578,946833.255884802
165582,946153.15033289
165583,945874.94846027
165594,945815.860709933
165595,944197.355565555
165596,943857.991699381
165597,943649.177552243
165598,943588.463539274
165599,943461.859786692
165601,943402.585026858
166015,942366.855309411
166016,942199.424050452
166017,942142.703867952
166019,942026.906300023
166021,941614.586164453
167374,940196.490755222
167375,938086.271796108
167377,937905.496846793
167378,937114.260968159
167382,936946.885937633
167383,936792.259024942
167395,936533.445228921
167396,936303.285724618
167397,936163.324811536
167398,936128.489120913
167399,936043.687796677
167401,936007.740417294
168481,935850.121284105
168755,933244.793378107
168757,933164.98382553
168758,932368.549834849
168762,932124.822125332
168763,932040.196642175
168775,931410.878108768
169174,929037.155713833
169175,927639.304042453
169177,927582.68006094
169178,927071.101357896
169183,927016.618492082
169198,927010.996634189
169199,926953.508145483
169201,926931.062006641
169714,924098.507609634
169715,922259.777658926
169716,922190.453007054
169717,921936.18645753
169718,921053.32582974
169725,919219.828383035
169726,918434.121864632
170566,917948.256136541
170575,917367.575364642
170865,916297.937834886
170866,916014.599166551
170874,915997.453631012
170978,915149.402445798
171038,914785.206318864
171040,914111.516781343
171042,913520.17349691
171044,912925.486810334
171510,910465.381909065
171511,909981.744010557
171514,907506.215387223
171515,906298.406021727
171516,906250.51728529
171517,906079.722475655
171518,905548.018836203
171525,904462.8055245
171526,903971.950832921
172364,900919.67505839
172365,898747.797684515
172366,897825.117899546
172375,897797.639526856
173213,896306.992366529
173273,896134.909452686
173274,895932.954710372
173275,895032.255699713
173276,894034.106377743
173277,893679.82032948
173335,893462.685053466
173336,893220.56365979
173337,893203.599950482
173812,892039.402731648
173814,891465.00943028
173815,890768.945031966
173816,889623.553457818
173817,888711.694883463
173818,888641.134315644
173819,888486.499103471
174165,886379.538676041
174166,885838.620826563
174467,885159.696176568
174471,885080.867201746
174472,884661.102606163
174473,884610.255704089
174474,884605.744449122
174475,883395.446069736
175065,883290.482541293
175066,882878.181640264
175073,881742.099635888
175074,881602.501393848
175075,881086.49140828
175076,880516.068882901
175077,880313.300162548
175200,880304.814508202
175201,880282.403354793
175436,878692.343032282
175597,878331.892234485
175598,877850.448715912
175615,877648.507375855
175616,876959.044143236
175617,876451.357541188
175618,876418.66172439
175619,876317.073226469
175775,875707.762244787
175777,875575.19925419
175778,875280.78643165
175784,874236.122125584
175785,872960.590547367
175786,872600.69165472
175792,872384.170316605
175794,872026.476546941
175795,870992.437277919
175796,870402.011425287
175797,870027.436526614
175798,869978.752290853
175856,869883.998323184
175857,868760.418607256
175971,868105.306282245
175972,867898.173261299
175973,867845.967211522
175974,867563.114286853
175975,867319.057277715
176935,867220.191591829
176936,866465.196620858
176937,865796.670150425
177416,865349.577529297
177417,865058.197963863
177418,865043.492216636
177419,864975.641781885
177656,864714.069593863
177657,864058.178192714
177754,863207.995842014
177755,862077.492963877
177756,861989.433553673
177757,861625.789046017
177758,861454.028431048
177764,861209.837216231
177765,859703.239842356
177766,859390.940150273
177767,858244.197262204
177771,858001.931905227
177772,857858.516951054
177773,857824.966934178
177774,857634.096172492
177775,857469.894285785
178734,857302.630974677
178735,857210.255804234
178736,856810.041324554
178737,856472.687195251
179554,855768.517402701
179555,855056.466988005
179556,854996.266124177
179557,854824.084662437
179558,854790.151031959
179565,854096.329391331
179566,853919.095368647
179567,853196.576198912
179571,853184.522640933
179572,853084.905471652
179573,853062.887626643
179574,852932.769973397
179575,852821.08128235
180841,852611.946083074
181378,852420.490471851
181379,852418.12597795
182332,850796.969566455
182333,850421.972390942
182334,850017.466343267
182384,849569.117711118
182385,849487.639620006
182387,849380.251155421
182389,849356.447309379
182390,849157.488849084
182391,848842.929043535
183082,848669.35599302
183090,846409.429809968
183334,846317.282145032
183335,845999.66378804
183336,845730.425778302
183357,845270.506983522
183358,845181.55194142
183360,845175.258783299
183361,845173.003056791
183716,844109.484079236
183717,843002.051709474
184192,842410.962061319
184193,842329.845788306
184194,841948.042514127
184787,841914.313927365
184842,841884.787429601
184844,840247.021279612
185115,839542.027327792
185117,839467.751696024
185118,838399.047727567
185120,837508.654858326
185122,835840.915015399
185129,834988.675024203
185130,832613.44114542
185134,831706.669208028
185135,831499.591707316
185136,831331.322212464
185490,830455.335512588
185516,830416.765580328
185517,829772.177321494
186174,829494.446351544
186175,829469.69213597
186930,829196.474751658
186934,828642.986802637
186935,828505.507673238
186936,828397.615611705
186990,827493.663101998
186991,827419.471965272
186992,825085.127167065
186994,824819.695620267
186995,824587.464845315
186996,824436.54758803
187054,824204.365758881
187055,824034.036373506
187056,823862.571116653
187076,823333.35320004
187172,821452.93528394
187175,821311.281703591
187176,821016.77289999
187177,820996.892399544
187236,820713.956208611
187237,820679.487382592
187247,820316.951542374
187248,820232.490147738
187249,820087.879561754
187257,820076.255442383
187896,819983.583987242
187898,819900.074097351
187942,819676.790835571
187952,818192.908214391
187966,818177.22676246
187967,818002.636406265
187968,817628.256916651
187972,816328.477203852
187974,816205.374894315
187975,816188.194148775
188641,816179.133815848
188864,814727.949670393
188865,814026.794490577
188866,813930.331075406
188867,813911.484454839
188868,813803.198358661
188869,813787.39421169
188876,813340.502883839
188924,813023.054150878
188925,811967.12603471
188926,811834.544755709
188928,811769.389624649
188932,810884.251041492
189045,810868.703408483
189047,810602.22638239
189048,810545.705476401
189049,810450.222054457
189721,810155.164864671
189735,808155.02744823
189738,807497.990512899
189740,807425.877067663
189742,806801.132762977
189752,806113.762473425
189772,805843.577479165
189774,805830.258763296
189775,805818.304372046
189812,803541.411724303
190352,798833.315633415
190354,798150.241046165
190355,797897.35862729
190412,796194.157601015
190413,796152.214524709
190439,796095.908905557
190441,795960.670625147
190796,795560.11652622
190797,795509.90058975
191535,795419.159829899
191538,795071.189175167
191542,794738.06340796
191552,794429.064502457
191972,794160.914455775
191973,794031.778122125
192092,789983.473571526
192093,789941.300223647
192094,789088.096665204
192095,789035.71115331
192096,788555.93783751
192135,787958.558420547
192138,787614.639111001
192142,786902.554062814
192150,785289.813386055
192151,784997.405693947
192152,781681.940415409
192154,781223.573075406
192155,781125.856982193
192211,780714.837938091
192212,778227.452962072
192213,778199.065782565
192939,777916.831086576
192940,777795.02392494
192941,777112.124160672
192942,776525.88391909
192944,775507.982268499
193357,775502.974202612
193358,775469.57146591
193901,773376.865687709
193902,773180.424648348
193904,772755.010227747
193905,772307.390024346
193910,772292.083396447
193912,771900.015812269
193950,771686.495470796
193951,771551.782086321
193952,769303.260791344
193954,768992.098240167
193955,768962.554758918
193995,767552.15799623
193998,767334.103633191
194002,767027.585132544
194003,766891.288637723
194010,766329.971425818
194011,766162.255600892
194012,764463.752058432
194013,764444.357789992
194072,763537.300526804
194073,763385.947424448
194752,762008.862345298
194799,760304.594484868
194801,759610.11866586
194802,759410.542696202
194859,757408.381858223
194860,757368.135230302
194861,756278.510149156
194862,756137.245993994
195099,753569.31836903
195101,752104.354174561
195102,751905.365507313
195821,751020.243884241
195822,750899.433782741
195824,750876.247104237
195825,750498.091985783
195934,749169.555834337
195936,749102.244814885
195937,749007.151546033
195938,748953.86025453
195939,747524.760393899
195941,746911.890201504
195942,746818.328041721
195944,746237.709377713
195945,745296.672527933
195949,745253.567861904
195950,743951.851528356
196190,743839.705269126
196192,743305.327524982
196194,743008.244673731
196195,742875.252787966
196196,742807.658833645
196197,742753.608292383
196198,742668.957206799
196252,741814.117089855
196554,741718.095906127
196555,741653.820178982
196556,741532.579553645
196670,739846.129745252
196892,739013.68853103
196899,736150.896580438
196901,735246.448408991
196902,735144.929329303
196950,733784.478294184
196951,733638.697263338
196952,730731.744523843
196954,730452.71893649
196962,730360.902646153
197312,728959.406593799
197314,728504.330836909
197321,727402.469581152
197322,727080.462790256
197324,725603.847209321
197400,725601.516334468
197820,724765.803837831
197854,723058.270678933
197859,722986.785506976
197861,722470.483825531
197862,722413.385334426
197864,721171.533946266
197865,720957.067860664
197870,719738.142299173
197984,718509.744421058
197985,717597.647797529
197986,717594.492306096
197990,716540.659269246
197992,716402.167248345
197994,716375.01402007
197995,716289.416548058
197996,716249.623403983
197997,716213.020762272
197998,716159.542205708
198112,715950.015299028
198474,715126.770657841
198475,715074.876959518
198476,714970.921825162
198714,714801.571296723
198715,714780.17025689
198716,714772.171400723
198717,714741.427916207
198752,713790.922301191
198754,713745.756581368
198932,709866.660100397
198934,709693.253927564
199112,706585.098363456
199114,706418.151333633
199121,706162.872418745
199122,706033.096065118
199124,705124.373997821
199172,703538.559779653
199174,703116.272818018
199179,700872.664725814
199181,699501.66893405
199182,699445.781873925
199183,699442.980858669
199184,697815.713217159
199604,697538.062886706
199779,696709.40754087
199781,696178.819008189
199783,695193.053808003
199784,693914.105222098
199785,693378.263185627
199790,693024.670352936
199797,693007.31179266
199798,692972.707632704
199841,692938.720134152
199843,692884.819919567
199844,691662.894715749
199845,691145.875028478
199850,691086.692637313
199855,690830.534234654
199856,690810.404571354
199857,690525.498556194
200741,689606.981062098
200742,689602.599514572
200963,686995.949512616
200970,686541.289245683
200971,686446.650712911
200972,683963.275466218
200974,683819.280593073
200979,682543.482238911
200981,681768.044784675
200982,681741.298632182
200983,681739.338643852
200984,680700.544494795
201399,678537.1267481
201404,678256.95093622
201579,676820.858335894
201581,676559.915670208
201583,676041.220836503
201584,675246.250026369
201585,674921.447144839
201590,674863.218739138
201639,673276.405420358
201641,672928.245438792
201644,672231.604155891
201645,671947.886685528
202072,670617.825593209
202073,670390.324241524
202074,670261.86767467
202077,670145.875871151
202078,669921.565422371
202674,669528.349843801
202676,669517.405501589
202677,669098.923542631
202678,668699.545155903
202679,668691.591460917
202833,668442.966000222
202834,667533.074210748
202839,666565.146273296
202841,665984.608718258
202843,665469.712439731
202844,664159.635039979
202845,663969.358406165
202846,663892.665253338
202910,663869.586914076
202964,663171.824415671
202966,663111.51035318
203019,662832.030659272
203024,662258.401813085
203199,660336.373893224
203204,660298.206785716
203379,659769.36645149
203381,659640.836546034
203383,659361.707157588
203384,658854.371258494
203385,658651.649647984
203443,657446.383245908
203444,656966.988804037
203445,656806.702767039
203744,656105.115423839
203745,656041.671257922
203859,655919.647248986
203861,655802.066511895
203865,655588.003120099
203872,655522.390267162
203873,655444.121629716
204414,655397.979964099
204470,654702.71649058
204471,654683.70047157
204472,654168.364864367
204474,654047.470143962
204477,653922.411913913
204478,653717.286315982
204479,653712.511239963
204587,653591.692855889
204592,653081.219541419
204641,652997.823924014
204643,652679.666768026
204644,651862.905788199
204645,651731.847664878
204646,651690.035214529
204693,650056.641010064
204694,649023.051802793
204699,647752.317889743
204701,647470.281274639
204703,646453.71916298
204704,645530.476582257
204705,644850.627558895
204706,644696.430253903
205001,644584.969042512
205003,644309.107340383
205004,644051.267231786
205179,641826.833355119
205181,641763.386101956
205183,641609.134457667
205184,641278.079725621
205185,641148.248397478
205663,640755.233317859
205664,640138.391283968
205665,640006.690107152
206152,639113.767224996
206272,638894.135359445
206278,638836.002417947
206279,638833.048194865
206392,638434.516399061
206512,637190.600532714
206573,637073.394957756
206578,636973.267390644
206625,636889.52875584
206626,636732.278536478
206672,636248.507529296
206679,635928.885265315
206681,635617.042037191
206682,635545.685437508
206684,634920.383392889
206685,633816.75158254
206686,633595.313387804
206790,633320.597535032
206792,631608.365604017
206799,630600.725700556
206801,629766.982031806
206803,629597.470069388
206804,629420.768918947
206968,629395.582036324
206970,629209.88417668
206972,627437.955542699
206979,626243.103900385
206981,626211.687426693
206983,626123.869350225
206984,625903.93043248
206985,625818.964664395
208004,625296.532850945
208005,624713.13188942
208006,624581.236962726
208372,624361.10703146
208373,624219.724997957
208488,624078.056130058
208490,623962.932652261
208492,623926.710463147
208592,623779.291241233
208599,623521.180150136
208601,623121.819182011
208603,623014.720510564
208604,622892.885298787
208755,620343.126079247
208763,619552.81395949
208768,618250.052051496
208772,617126.519475116
208779,616745.860832869
208781,616730.23763701
208783,616678.642440005
208784,616530.46690098
208785,616473.889782512
209143,616061.491491804
209144,615882.388316042
209263,615699.759828775
209264,615542.315881341
209783,615404.462645147
209804,614920.757189999
209805,614615.002116931
209924,614327.946190251
209925,614108.987872996
209979,611542.398624261
210039,611339.583020336
210040,611126.308071141
210041,610829.005645193
210352,609445.626595479
210467,609327.182695196
210572,607847.954543406
210579,607804.804872446
210581,607796.98911985
210583,607765.712435643
210584,607664.822592989
210585,607626.639080466
211255,607502.472229881
211256,607447.528827581
211575,607120.191171555
211642,606603.29326126
211643,604116.652744118
211724,603881.270908827
211725,603779.091051667
211755,603644.521407849
211756,603497.384726227
211766,602733.584474364
211767,602262.177027356
211779,601168.334996177
211816,601057.186036705
211826,600466.097638618
211827,600086.974973717
211835,599957.812360166
211836,599476.962435546
211839,598002.36712448
211840,597857.973586185
211841,597743.157888022
212157,597607.925831496
212259,595883.772531891
212264,595395.006339636
212265,594105.29215039
212266,593506.867356293
212267,593423.285054081
212379,592077.361099103
212381,592073.419109693
212383,592053.897008059
212384,591984.662305187
212385,591958.629876919
213580,591061.336321886
213581,591013.135074207
213759,590756.518880908
213760,590727.20169719
213960,590025.819394603
214030,589257.025382178
214031,589199.173698089
214044,589067.219785397
214046,588231.300931695
214047,588214.661545365
214048,588021.193814174
214049,587805.802147383
214050,587334.436423617
214052,586852.26346811
214053,585803.473604652
214054,585634.372654547
214056,585202.456187402
214057,584891.614417366
214059,583660.543293258
214065,582863.605290119
214066,582549.665934251
214067,582493.744726036
214168,582114.240107347
214169,581399.706927135
214170,580809.04272749
214172,580074.131690467
214179,579257.034376524
214181,579255.024212268
214183,579242.520814006
214184,579194.736733619
214185,579176.855088774
215383,577213.319422353
215384,577018.382457699
215865,576818.109976587
215866,576649.78184748
215867,576611.904339363
215921,576362.932301097
215925,576338.534480002
215926,576241.031657291
215948,576180.330840018
215963,575115.700029391
215964,574595.117098592
215966,573660.646293511
215968,572815.84550238
215969,572380.979476232
215970,572035.15413648
215972,571651.840228778
215979,571498.301876877
215981,571497.261883779
215983,571489.078920708
215984,571455.963368132
215985,571443.613333664
216030,571389.204127153
216032,571224.460138459
216033,570364.076659831
216034,570214.310700884
216039,569330.643463488
216040,569219.892214496
216043,568971.0382602
216044,568902.571521341
217183,567118.664765664
217184,566994.008285093
217244,566355.821494099
217245,566329.327156936
217542,565672.820968871
217599,563420.540762565
217601,563387.028517704
217738,562782.755633701
217739,562760.29799799
217766,562567.388919331
217768,562064.872437821
217769,561792.466747517
217770,561583.532413691
217772,561379.463349225
217826,561084.60203872
217828,560402.120462545
217829,559847.374196765
217830,559694.427966361
217832,559649.311641054
217833,559088.276930711
217834,559020.676427528
217839,558588.241861235
217840,558515.597313829
217843,558396.269279838
217844,558349.068060714
217899,555735.294044818
217900,555666.755612229
217903,555398.564438599
218622,554625.992883494
218979,554503.001382383
218980,553942.758071292
218982,553679.658902217
218983,552456.524669545
218984,552375.046836542
219400,551395.179927817
219401,551301.137352248
219599,550294.851886759
219624,550032.94726525
219626,549180.757615538
219628,548826.637712215
219629,548503.622526169
219630,548413.062191176
219633,548043.361180045
219634,548014.286305176
219639,547802.787033714
219640,547754.327700706
219643,547697.68424658
219644,547664.99888725
219679,547508.706053436
219680,547420.344662137
219681,545688.606153835
219682,544997.865964336
219683,543177.159740317
219684,540818.510857776
219686,540165.808186461
219688,539622.495475021
219689,539285.063976516
219690,539187.92391352
219693,538256.429918635
219694,538255.428520221
219695,538101.06926697
219696,537989.697692913
219697,537918.246705723
219698,537531.041763657
219699,535789.726667651
219700,535744.696530222
219703,535614.82949005
219880,535125.702619929
219883,535097.55660062
219887,534943.983006379
219899,534408.506243913
219900,534109.356338903
220007,533960.81344404
220492,533849.318710118
220493,533799.740896782
220500,533753.818099271
221202,533066.97681793
221448,532794.102045524
221483,530388.816009006
221484,528791.406991227
221486,528367.040970834
221488,528110.339272826
221489,527939.444423873
221490,527939.085979775
221493,527443.634124954
221495,527346.045426707
221496,527268.406632162
221498,527039.865571369
221499,525868.600233253
221500,525838.52305209
221503,525775.97084684
221546,525110.165204405
221548,524652.874181283
221549,524304.89143429
221553,523485.679392955
221556,522915.027115166
221559,521940.000484985
221560,521935.075935353
221562,521912.953840115
221563,521509.793080128
221564,521168.207450121
221565,521038.17591546
221567,520733.277541503
221624,520144.513850796
221625,520001.690330138
221627,519695.682872441
221673,519164.171761882
221675,519077.664955672
221676,518792.487337486
221678,518534.071181784
221679,516460.863882321
221680,516163.220453445
221687,516147.610685136
221699,515928.053542984
221700,515738.962441777
221801,515729.706038906
221802,515507.959232046
221803,515269.174113288
221804,515017.875125851
221805,514737.609783508
221807,514337.756058633
222278,514245.489522079
222279,512188.271998388
222280,511989.370776055
222284,511819.041579756
222285,511719.071735823
222286,511686.027778767
222287,511045.817821921
222291,510856.602562076
222292,510762.707324905
223245,510477.384227402
223247,510266.884375538
223248,509928.823200473
223308,509869.738212562
223353,509057.260474828
223356,508733.385241404
223359,508200.694800909
223360,508197.274894237
223363,508092.477432935
223364,507894.745885289
223365,507830.604768545
223367,507729.436219927
223412,507607.894441312
223413,507098.142114391
223416,505712.975939255
223419,503799.790537553
223420,503720.870176136
223421,503110.66017556
223422,503041.168305264
223423,502907.815877088
223424,502369.493701331
223425,502325.92920853
223427,502219.985096465
223466,502127.591738418
223468,501897.466120726
223469,501837.34184919
223476,501684.084053939
223478,501600.192877071
223479,500237.578967447
223480,500120.192167234
223499,500086.341900759
223500,499963.931907741
223599,499527.684951004
223600,499499.6314637
223601,499296.086844449
223602,499171.326367357
223603,499054.952528753
223604,498895.033686421
223605,498801.473546782
223607,498629.760213025
223967,498617.86972991
224027,498156.039375621
224079,495949.991324672
224080,495901.724069039
224087,495713.036910464
224091,495654.865873474
225043,495411.29309563
225044,495192.42453583
225045,495017.693330218
225048,494884.423368515
225095,494855.626671559
225096,494268.182268653
225098,493590.464170628
225099,492133.008718002
225100,492074.734673529
225101,491582.229308664
225219,491203.259919525
225220,491157.893383698
225221,490824.042383295
225224,490572.782136718
225225,490569.928857871
225227,490548.815922503
225264,489018.768677621
225266,488703.669057759
225268,488666.198325375
225279,487924.456160008
225280,487886.857563859
225300,487846.428353065
225384,486600.396572928
225385,486572.653759394
225386,486021.386100037
225399,484758.609519971
225400,484747.618510558
225401,484617.93748412
225402,484545.531671133
225403,484488.950098928
225404,484384.842229245
225405,484369.636675497
225407,484302.447635959
225773,484040.392506551
225876,483493.360841709
225878,482920.711812499
225879,481346.569109965
226839,479022.981613015
226899,477543.712464105
226900,477507.130967688
226901,477255.673212282
226959,476495.306073156
226960,476463.676697578
226961,476034.883177916
227040,475597.701082841
227064,473634.881227202
227066,473439.549257746
227079,473160.560289866
227080,473156.081632921
227183,472082.360492909
227184,470167.356811636
227185,470152.663089882
227186,469825.085728332
227199,469441.988118186
227200,469438.53116313
227201,469354.026546071
227202,469310.656472259
227203,469283.240627977
227204,469214.204425973
227207,469207.143661338
227341,468817.288975534
228628,468802.621766237
228629,468643.823939127
228636,467531.619114043
228639,465955.154659436
228698,465477.338097578
228699,464012.585874895
228700,463989.041891412
228701,463858.736502628
228759,463618.090651767
228760,463597.493886099
228761,463390.634422336
228804,462218.971334101
228864,460263.446379963
228866,460139.080505923
228879,460074.353658074
228982,460054.796722873
228983,458734.87003382
228984,457448.012656929
228985,457440.042913083
228986,457239.310659998
228999,457216.556870887
229000,457216.213010599
229001,457160.133108368
229002,457133.357914386
229003,457120.140538956
229004,457073.696457873
229104,457019.215072417
229106,456973.326870603
229353,456962.49246212
229359,456889.041056737
229361,456614.697242745
229362,456581.556459986
229371,456477.526995449
229381,455555.941380143
230450,455139.013452961
230451,455136.268504729
230486,455060.925524683
230488,454787.931502518
230489,454670.666240078
230499,453814.550800213
230500,453799.08091314
230501,453730.267510592
230559,453390.802422356
230560,453377.141147034
230561,453278.0545624
230608,452483.406111406
230611,452466.381414315
230612,452399.525289867
230613,452131.610995681
230664,450588.637532197
230666,450507.641007613
230784,448381.687441262
230785,448377.243392647
230786,448250.731046487
230903,447326.52145004
230904,446073.151687661
231143,444670.870844831
231144,442955.575449729
231146,442889.904210159
231151,442696.125945097
231153,442665.508428745
232320,442448.317184781
232370,441490.64091241
232416,440499.435447624
232418,440287.242147372
232419,439831.501009679
232421,439814.904781389
232479,438738.52371245
232704,438572.432757738
232824,436507.722126561
232921,436236.930672734
232941,435805.048467859
232943,434787.238224116
232944,433640.176647545
232951,433626.678927725
234143,432985.799125482
234144,431991.691126348
234145,431933.054247751
234146,431673.724475075
234147,431499.155679508
234148,431125.312935754
234159,430954.227196175
234170,430731.265947219
234216,428800.339097352
234218,428692.684461696
234219,428380.807094061
234221,428378.909685127
234282,427979.293819567
234283,427974.171212993
234576,427771.390234502
234631,426796.006039643
234691,426412.388492489
234711,426392.881240489
234712,426371.373153418
234713,426176.206965634
234714,426112.398488297
234716,426038.564528939
234717,426000.38042106
234718,425998.227490067
234721,425755.666213065
234747,425704.579726691
234751,425597.533702293
235128,425352.228068757
235129,425340.81365688
235130,424969.555196398
235939,423921.759025848
235941,423676.111317979
235943,423178.702737017
235944,422508.675680146
235945,422469.823268004
235946,422346.602427131
235947,422285.046670234
235948,422086.331549606
236003,421691.6848529
236004,420668.516730974
236006,420591.323983241
236007,420427.609849651
236008,419957.342291745
236009,419682.377903277
236016,418900.697580707
236018,418845.370866263
236019,418630.556009006
236071,418480.471357684
236073,418465.988245306
236076,418157.428297016
236077,418108.133778768
236078,417608.249667511
236079,416982.276473223
236081,416745.246513964
236082,416249.318957854
236083,416245.861541178
236388,415938.84846983
236436,415283.291851646
236556,414980.291813245
236559,414965.718742044
237771,414880.77607141
237773,414862.127584167
237797,414166.374277415
237799,412799.03512746
237801,412414.968724654
237803,412049.269507825
237804,411366.961339844
237807,411322.138650068
237808,411055.926159534
237809,410928.758287606
237816,410891.493546769
237818,410862.58029661
237819,410713.924553573
237859,410319.461084526
237861,409955.17542982
237863,409634.999604569
237864,408580.902482088
237878,408579.670073819
237879,408158.853352163
237881,408155.738841883
237882,407904.217952606
237883,407901.860680816
238011,407827.35618584
238012,407804.752735792
238013,407744.19271894
238015,407665.845221055
238017,407659.144594307
238021,407531.736632024
238198,407415.42840098
238199,407356.362664663
238200,407353.307050483
238201,407224.08707612
238236,406474.495222844
238296,404447.529202657
238372,404366.137186589
238717,403669.121574234
238718,403511.677107409
238719,403046.152473929
239580,401968.051680217
239633,401521.779517273
239634,401518.163339169
239635,401507.751236562
239639,401496.274714186
239640,401463.377219103
239659,399692.552733002
239661,399488.562885176
239663,399352.886468534
239664,398661.263260207
239784,397955.687091536
239799,397731.190810859
239802,397580.914447935
239803,397575.856293598
239804,397177.285335373
239811,397138.85253243
239812,397131.366379123
239813,397098.616768518
240037,396609.218756891
240039,396574.152073959
240040,396572.090764843
240151,396486.897638161
240152,396475.549678984
240156,395467.17010814
240157,395465.80386762
240396,395194.72968386
240397,395154.890261944
240398,394982.492490911
240408,394909.152640606
240409,394888.485809508
240412,394765.545943182
240413,394687.539934595
240518,394334.087597606
240519,394034.799324537
241351,393154.060919621
241352,393120.585341701
241354,393120.432717698
241459,392896.088413084
241461,392778.290473734
241463,392726.655845992
241464,392265.179541095
241719,392194.748104328
241763,391620.71801784
241764,390623.303143542
241819,390549.310181979
241820,390067.196139305
241821,389640.572527847
241823,389604.011651787
241824,388710.943529698
241837,388405.535134366
241839,388381.073808147
241840,388379.718178413
241960,388364.224305797
242136,388262.959339761
242137,387951.293818225
242184,387395.624965041
242185,387242.372229024
242191,386104.652611794
242192,385983.47797187
242193,385983.07942164
242196,384921.794662543
242197,384894.014716285
242198,384801.83467154
242330,384119.339085021
242331,384102.845642759
243219,382996.69171566
243279,382877.643812926
243539,382868.482389396
243619,382027.183135837
243620,381704.009974696
243621,381452.021446675
243624,380929.347875367
243774,380867.099474029
243775,380866.999394969
243981,380739.862651466
243984,380444.313896021
243985,380382.87013505
243991,379920.892382678
243992,379878.084335023
243993,379877.805915552
243996,379293.693145567
243997,379274.299931237
243998,379223.738113455
244100,379052.111642065
244101,378864.064337409
244104,378438.734731033
244105,378399.055531739
244111,377730.008369738
244112,377716.349262165
244113,377712.815891261
244116,377276.729890124
244476,376519.927741731
244477,375835.335766994
244478,375774.728287662
245029,375709.477605466
245030,375582.753334715
245031,375269.222438044
245032,374919.037225739
245033,374877.401270161
245034,374873.592089927
245091,374633.669938496
245093,374633.269069403
245099,374632.388959313
245100,374631.011668438
245330,374504.262932268
245338,374323.47968693
245431,374319.971368168
245684,374312.474746801
245797,373818.239812838
245798,373789.689005025
245917,372488.216957749
245976,372225.300099181
246804,372028.578040426
246811,371516.955548709
246812,371503.142270468
246813,371461.100433302
246816,371220.268272287
246819,370980.580909924
246820,370631.676844132
246860,370462.839286242
246861,370249.722147366
246864,369906.979290064
246865,369486.389609756
246868,369363.085235353
246869,369210.162019817
246879,368883.774934784
246891,368566.860672722
246893,368566.581532867
246899,368565.970750265
246900,368565.007581062
247482,367934.657365397
247483,367771.61439694
247484,367242.387709097
247739,367122.004654638
247801,366537.396140485
248648,366363.55446893
248649,365626.864652748
248650,365474.063501024
248665,365304.422062354
249222,364981.306061662
249224,364916.325493458
249225,364904.223474031
249226,364577.444505696
249227,364443.465009696
249290,363472.294927244
249291,363470.625285983
249601,363135.557556035
249719,362885.456394348
249721,362567.538900666
249899,362150.492742553
249901,361648.9553121
250440,361217.760847631
250441,361110.759209168
250488,360236.423980366
250490,360117.470504575
250491,360050.086316677
250493,360049.950394437
250499,360049.654198163
250500,360049.182790107
251050,360011.00317807
251172,359052.400652703
251173,359015.538205184
251184,358696.928075479
251472,358176.788009585
251474,357832.619662654
251475,355938.974150443
251476,355803.623065803
251477,354153.927578741
251478,353840.821933233
251479,352413.854159004
251480,352221.239837974
251484,352164.973426129
251487,352090.592471892
251744,352089.255413371
252468,351918.732058356
252961,351824.532483581
253269,350697.119105564
253270,350689.228481403
253272,348298.546427206
253274,348067.602975651
253275,346774.704717103
253276,346683.798323152
253277,345566.329882208
253278,345381.682104886
253279,344424.569201394
253280,344293.445666807
253457,344231.778323052
253458,344034.120253604
253459,342893.286858971
253460,342530.750780957
253462,342164.107392931
253464,342016.562834229
253481,341953.049027339
253482,341873.895608026
253484,341836.406139539
253542,341659.231430936
253543,341610.445833297
253544,341244.192612924
254062,340631.086343678
254064,340289.873365936
254065,340254.139500894
254066,340252.578105884
254198,340231.99324076
254253,340059.841065555
254268,339968.728383995
255079,339344.340585637
255080,339254.370291591
255134,338373.650936247
255135,337309.961931253
255137,335931.344800347
255138,335823.111485049
255139,334707.211332791
255140,334452.239671682
255141,334428.647788693
255151,334265.11295032
255155,334225.460679941
255199,334083.085937
255202,333561.370492486
255257,333143.765502976
255258,333045.055654362
255259,332279.128625996
255260,332042.641602247
255262,331812.52481588
255264,331805.569800409
255802,331129.603082593
255859,330974.01284103
255860,330538.563965456
255862,330237.188944888
255864,330103.297860469
255865,330083.361631214
255982,329996.26005579
255984,329919.864006446
255985,329918.51417116
256040,329602.309132047
256894,328956.901821954
256895,328925.171118136
256935,328041.609293178
256937,327116.171929268
256938,327059.053507236
256939,326308.246402586
256940,326140.104050549
256941,326131.367865738
256997,325705.084537935
256998,325614.67319522
256999,325207.789888275
257002,324876.4167845
257057,324731.871350749
257058,324682.203348719
257059,324162.056039322
257060,324004.98635582
257062,323856.906062136
257117,322589.384206234
257118,322547.307252956
257119,321329.681467996
257120,321144.207082814
257479,320876.918316247
257480,320549.577568215
257482,320297.710590104
257494,320188.921416767
257495,320168.460569113
257499,319709.917302724
257500,319693.967763245
257504,319587.025915191
257513,319428.940894246
257519,319118.516936607
257679,318665.043910907
257680,318561.108038608
257681,318511.802536679
257855,318362.239602651
257856,318209.914472012
258691,317328.453107457
258692,317064.384503414
258694,316437.306454014
258695,316424.42471528
258811,315535.643620434
258869,315468.086751111
258870,315445.736985009
258915,314857.100407443
258917,313738.889101813
258918,313725.715839949
258919,312915.360990477
258920,312792.870812522
258979,312676.210486506
259239,312112.630586183
259275,310113.153694753
259277,309183.62297565
259278,309113.642336504
259279,307979.044029326
259280,307769.35866188
259282,307639.126665159
259439,307590.933510341
259479,307574.983808606
259480,307524.069058357
259481,307492.429077819
259613,307307.128787717
259659,306309.85308571
259660,306248.064705915
259665,306239.361633354
260496,305576.373459012
260497,305536.578550348
260554,305136.897012698
260556,304953.747747269
260665,304947.409822978
260666,304936.564875609
260719,304485.218575573
260720,304403.072977924
260779,303959.389814649
261019,303449.119416645
261022,303330.01212212
261031,303267.732143074
261034,303154.075290683
261039,302830.527279409
261072,302227.585274674
261074,301968.738770525
261075,300500.135871765
261077,299921.768768392
261078,299912.43312099
261079,299160.197505965
261080,299022.94979528
261082,298954.364092674
261197,298464.567851484
261199,297478.587082284
261202,297039.924299444
261214,296933.507209596
261219,296896.295333659
261299,295719.944641146
261402,295468.288074882
261439,295385.35937585
261440,295024.227231315
261442,294901.020145148
262299,294394.854429899
262356,294122.313598356
262494,292681.226621636
262549,292097.992877387
262550,291997.423186592
262553,291842.78817577
262825,291637.074706527
262831,291585.917912907
262875,290958.81106033
262877,290589.383243969
262879,290096.284020271
262880,290004.881325588
262882,289967.933914363
263020,289966.028585615
263052,289573.673108323
263054,289491.211648865
263055,288144.061561708
263057,287540.893097954
263059,286734.652175596
263060,286495.67413046
263062,286165.704493888
263206,285798.503985894
263211,285793.831692948
263242,285000.255969229
264079,284563.04144646
264080,284404.365716412
264082,284308.465342817
264099,284170.876995232
264159,283381.826268818
264174,283371.531221799
264176,283342.509185631
264301,282783.73944735
264336,282210.233575239
264395,282058.149860004
264396,281293.83289599
264653,280877.646280881
264654,280803.229112769
264679,280234.38530583
264680,280172.692063923
264682,280152.249540559
264856,279638.137620267
264857,278860.393335355
264859,278354.353953383
264860,278203.414884218
264862,277990.025145984
264979,277969.096858251
264980,277902.104764497
264981,277654.724632536
264982,277514.598216028
265042,277202.301243149
265875,276943.221490898
265877,276256.32874252
265879,275746.599996751
265880,275657.905540119
265935,275502.301545426
265937,274902.081840544
265939,274158.826110397
265940,274085.696665613
266154,273298.542730152
266207,272474.055558625
266480,272435.680428571
266482,272424.026787817
266597,272134.971069503
266599,271777.442348267
266600,271615.754125152
266602,271604.40015286
266668,271243.803572886
266777,271169.395829199
266779,270662.120092744
266780,270616.644713863
266781,270455.155091833
266782,270361.999008308
266853,269820.456334343
266854,269736.375252581
267675,269725.991637154
267677,269317.471113289
267679,269027.417970701
267680,268976.297342714
267735,268195.065727986
267737,267831.920763284
267739,267383.218972417
267740,267369.457957915
268014,267197.320003797
268191,267115.693621966
268192,266956.437799659
268193,266811.743468239
268285,266540.085532045
268286,266538.316319611
268287,266537.881751282
268288,266530.91742556
268399,265423.144155132
268400,265320.543001416
268402,265315.959615167
268469,264914.992162854
268579,264728.965229268
268580,264697.827816557
268581,264590.506551604
268582,264527.714173072
268635,263952.777430091
268637,263835.841096883
268639,263590.192836629
268640,263515.975806725
268641,263332.850250813
268642,263180.416774525
269479,262660.567484369
269480,262630.15613569
269535,262628.921722034
269537,262402.654572812
269539,262123.636157122
269998,261135.682069548
269999,261105.991708945
270000,260869.077513889
270096,260111.38021347
270099,260105.162527153
270100,260104.290689396
270211,259824.715994404
270213,259817.227383011
270216,259758.882103857
270276,258473.273605187
270388,258219.1782353
270435,258098.089283651
270437,258036.941863366
270439,257936.628462163
270440,257886.472611438
270441,257774.140042046
270442,257679.060189895
271275,257426.44751451
271279,257244.418860916
271280,257225.763731387
271348,256927.8588357
271752,256923.320772077
271755,256383.20888318
271756,256365.922445894
271759,256173.989945867
271760,256108.280617642
271872,255828.228807613
271875,255419.541971796
271876,255191.844645349
271877,254931.119265504
271879,254385.552374424
271880,254329.990145889
271891,254256.484023842
271896,254225.773199929
271899,254222.857539884
271900,254222.255577487
272096,253979.610679747
272097,253965.476259463
272185,253638.138890329
272186,253467.033405713
272187,253348.750214276
272188,253122.672785261
272238,252709.947006741
272239,252499.835711895
272240,252465.606690789
272241,252394.74299889
272242,252333.882657197
272298,252061.662259808
272299,251687.207646701
272300,251607.134925019
272301,251584.384544175
272302,251562.249571551
272576,251187.166332962
272578,251119.079487804
272581,251107.78323338
273082,250675.217744023
273145,250537.4391674
273146,250525.405316445
273148,250157.250594093
273672,249403.070676553
273675,249201.729134858
273676,249077.327006345
273677,248897.341510726
273679,248572.997372
273996,247770.364439503
274048,247665.543997461
274053,247658.075646988
274054,247645.755238877
274097,247326.594038288
274098,247048.096686336
274099,246823.302102418
274100,246770.588466906
274101,246755.300566778
274102,246740.381240012
274159,246443.694857033
274160,246328.477379988
274161,246230.612660084
274162,246168.40862491
274169,245729.153258153
274170,245728.542114327
274171,245727.925600965
274172,245132.883287303
274173,245067.962363264
274339,244642.988683949
274340,244531.715591875
274341,244449.20667057
274378,244440.226597983
274881,244332.384776415
274882,244107.082486758
274942,244046.286367573
274943,243797.361606284
274944,243700.951300016
274945,243623.268407184
274946,243614.952632506
274948,243443.752397193
275070,243394.675330522
275079,242940.068254849
275085,242879.893082178
275087,242834.758667658
275088,242832.498964488
275089,242638.9310722
275481,242483.321508806
275482,242396.59848955
275756,242333.748259817
275758,242328.77161754
275760,242182.031311425
275819,241967.988565358
275866,241522.573328278
275965,241459.002161444
275969,241041.470685717
275970,241041.077838158
275971,241040.64691548
275972,240696.421695916
275973,240663.098441506
276121,240561.94931378
276137,240279.491640775
276138,240086.027932629
276139,239867.090224067
276140,239797.226234011
276141,239786.117989097
276678,239752.782636416
276679,239471.23749072
276681,239395.961191139
276682,239287.229988379
276739,239086.662956449
276741,238834.286551225
276742,238650.849856727
276743,238488.132513357
276744,238426.134218956
276745,238388.658854554
276746,238382.890693565
276748,238305.439483309
276841,238252.411005792
276859,237858.134162615
276861,237418.557375103
276862,237292.209018537
276863,237030.138620899
276864,236950.450408639
276869,236868.956532369
276870,236601.384650347
276879,236404.446052943
276885,236383.224782509
276887,236352.018398419
276888,236350.669350339
276889,236223.555873949
277009,236012.071880269
277284,235832.062828998
277285,235820.088776342
277521,235782.580028141
277522,235736.522896387
277673,235502.775276463
277739,235416.931716235
277740,235020.810990197
277796,234947.790029642
277913,234458.325485178
277914,234450.184366987
277916,234136.879593027
277954,234072.93923162
277955,234007.531523854
278492,233479.919624905
278496,233475.672776232
278542,233410.533747871
278543,233302.281302382
278544,233261.572067095
278545,233243.621615698
278546,233239.609814835
278548,233206.164555344
278601,233200.555201587
278602,233108.017231513
278603,232811.372814702
278604,232647.242638824
278605,232644.482895147
278606,232602.883592355
278607,232564.449973568
278608,232327.498653311
278609,232304.435012437
278610,232274.999306591
278612,232240.359194742
278613,232195.437080974
278614,232195.321853682
278616,232189.929890479
278630,231554.513366783
278631,231508.434145739
278632,231506.713264326
278659,231262.230485924
278661,231045.490334665
278662,230973.822817315
278663,230813.501336626
278664,230766.304516963
278670,230710.263209105
278679,230631.836505151
278685,230627.223277559
278687,230605.568784673
278688,230604.738495645
278689,230519.867245796
278746,230389.508987849
278811,230376.052702881
279083,230246.671238001
279084,230141.189368807
279085,230139.393240611
279509,229172.771800905
279516,228859.00026548
279518,228804.66496272
279519,228428.79049812
279521,228113.786539153
279769,228028.79241826
279771,228024.976960147
279772,228022.974406777
279773,228016.431102732
279774,227982.138861862
279776,227890.444772049
279778,227875.169117216
280201,227331.138434461
280307,226807.320483759
280367,226657.525114806
280429,226615.791507693
280430,226063.175549424
280431,226032.746652277
280432,226031.546686898
280587,226009.531406252
280589,225817.06273151
280590,225547.464047966
280593,225545.137486873
280599,225122.61183326
280606,225078.24510388
280610,224576.037017315
280611,224469.97699055
280891,224015.455699866
281309,223582.662883343
281316,223570.966069818
281319,223455.965275816
281321,223419.722104539
281549,223216.400615387
281561,223051.539367495
281569,222538.547124188
281571,222536.987263129
281572,222535.620678514
281573,222531.081122275
281574,222507.54970397
281576,222448.168384537
281578,222437.546555441
281758,221625.829258982
281759,221619.693251778
281761,221320.736928303
281881,221019.463527882
281998,220625.50529121
282000,220427.191763816
282001,220035.840468782
282112,219803.656627275
282113,219803.115987456
282290,219482.715767272
282410,219273.972581005
282707,218505.315815233
282710,218505.029381882
282713,218503.239356844
283141,217871.932016508
283349,217818.086813703
283752,216909.17560143
283757,216536.152368387
283758,216476.79663215
283769,215979.117391662
284038,215705.64990105
284219,215159.155479512
284400,214926.900316451
284634,214357.631919807
284911,214213.071501335
285180,213259.542117799
285181,213245.680311818
285552,213096.085614342
285557,212946.165353238
285558,212944.267137872
285958,212928.432423316
285972,212635.797640351
286501,212553.488161615
286927,212302.023859657
286929,211957.171016808
286932,210632.386159865
287370,210186.923098098
287723,210089.625882892
287729,209955.693868999
287733,209916.177774346
288239,209832.136349565
288240,209763.458320423
288415,209763.056671721
288416,209699.140686711
288747,209656.624407075
288751,209561.110007778
288758,209486.774047366
288759,209481.514490486
288760,209469.016245802
289152,209122.232609457
289155,208863.182451125
289513,208415.705927787
289572,208246.049585024
289752,207545.844720437
289817,207522.847153333
289818,207466.032173113
289820,207441.190285697
289830,207408.08117285
289992,206964.764827567
289993,206474.551047742
289994,206462.99331283
290581,205718.045923476
290983,205052.136592736
291061,204558.52128912
291389,204490.529833015
291390,204437.823056033
292124,204260.569653777
292130,204160.399763972
292140,203993.953444011
292152,203727.722214676
292153,202382.348445732
292154,202372.528854903
292160,202295.376036063
292161,202074.664078958
292162,201874.748439563
292333,201474.688338119
292334,201361.882464839
292341,201085.806644408
292342,201043.324400186
292798,201025.733414633
292800,201006.823362672
292801,200972.672661263
292820,200654.003010737
292861,200438.469989075
293207,199957.811071143
293208,199952.307361643
293209,199952.284572151
293210,199886.94668805
293893,198783.005944673
294193,198714.436405191
294194,198636.077714002
294198,198609.38186254
294200,198492.43581399
294201,198206.282985463
294202,198172.643076689
294553,196980.341972365
294554,196910.940326733
294555,196682.690827223
294556,196348.93667111
294557,196063.233586105
294558,196058.536622883
294560,195983.834519723
294946,195818.246382265
294947,195801.174219064
295441,195715.097350474
295496,195383.509490593
295650,195093.116054527
295709,195045.678444207
296412,194309.329903077
296413,193022.626725137
296414,192965.373896745
296416,192620.064739411
296417,192393.644857476
296897,192302.333986936
296903,192246.336377441
296904,192206.20060098
297024,192144.550109795
297143,191941.823937005
297144,191747.855009111
297196,191455.568974819
297197,191106.050518782
297203,191071.09505317
297204,191022.500174985
297350,190930.780405015
297351,190886.932483285
297526,190840.930831512
297830,190526.253353349
298153,190337.59893191
298597,190045.934950386
298598,189684.99971396
298784,188979.206037083
299056,188695.571144824
299057,188455.857094495
299295,187974.435727662
299296,187648.300149009
299297,187551.188285819
299303,187437.929717623
299304,187120.478503388
299310,186863.714680428
299604,186823.183102675
300029,186698.14120658
300035,186598.359578054
300492,186588.515655907
300493,185452.669513634
300496,185442.469494615
300497,185371.401722608
300500,185280.538971943
301191,184499.765046719
301192,184184.734984372
301193,184104.344256403
301253,184082.905639509
301254,184010.528478047
301259,183931.319035178
301432,183229.88922918
301790,182921.284145382
301850,182707.225070747
302315,182422.351757205
302316,182224.877932756
302317,182224.679564146
302318,182103.561072619
302436,182003.569779793
302437,181919.345938298
302438,181679.584727853
302618,181372.008767017
302621,181369.649569685
302957,181261.590861836
303016,181108.112062287
303017,180978.130487523
303195,180788.077876583
303196,180774.113486707
303615,180740.415203826
303616,180602.940966751
303621,180417.144290043
303622,180417.101309128
303623,179861.079868292
303624,179828.919589023
304043,179756.45428126
304128,179611.290809542
304213,179447.364819734
304393,178632.870859256
304719,178322.684157675
304814,178182.632122774
304815,177680.477641698
304816,177516.668306343
304817,177447.873619281
305513,176770.211159201
305514,176769.721346703
305910,176259.926374675
305911,176073.809681562
305912,175838.025507284
305913,175752.022020664
305915,175287.665962212
306528,175116.60064075
306529,175054.37286073
306532,175040.301586552
306636,174845.069461603
306793,174663.747233926
306794,174422.860353311
306795,173964.477229526
306796,173838.314601758
306797,173654.33678528
307316,172659.515602148
307649,172572.319818343
307650,171961.483022679
307704,171850.730273755
307711,171821.926127194
307712,171716.00940748
307715,171561.665325929
308315,171301.693639583
308316,171227.063387184
308317,171220.362639606
308318,171195.483169232
308436,170892.057545081
308855,170760.96550694
308856,170726.068964675
309235,170668.441006666
309236,170164.546448236
309466,169714.629696063
309472,169712.047642259
309507,169540.679211643
309509,169371.302974597
309510,168999.908024844
309511,168991.977525218
309512,168946.810600536
309623,168642.836096326
309624,168455.834722566
310036,168396.553694445
310042,168393.232425076
310140,167497.670765909
310239,166934.43027918
310660,166544.183665744
310778,166453.017093213
310779,166342.641651028
310780,166140.659595326
311321,165527.564546833
311893,165457.504790863
311895,165231.231161992
311896,165225.551352495
312013,164698.802137817
312435,164341.297763598
312436,164336.220874296
312438,164249.856362955
312439,164239.239202704
312440,164194.323257217
312441,164038.165461645
312520,163875.147084129
312580,162806.394408791
312981,162698.002618484
312983,162572.920878262
312984,162535.661575613
312986,162351.853174382
312987,162311.520919695
312990,162192.15372811
313109,161860.295001434
313110,161420.857008046
313182,161289.340710871
313183,161151.063130822
313184,160998.510778925
313185,160948.745757984
313186,160927.431905845
313840,160643.927767395
313841,160631.928490055
314041,160505.315005023
314335,160445.98451224
314336,160428.07944867
314740,160053.673823982
314802,159941.919589844
314930,159573.02219421
314969,159226.845500136
314970,158968.057771831
314984,158889.636759201
314985,158861.068214753
314986,158846.805411463
315276,158789.685844011
315450,158335.614169562
315452,158328.353173967
315455,158129.416374431
315456,157910.967204328
315462,157290.136464678
315629,156828.151267469
315631,156604.864086134
315632,156584.981911594
315809,156038.816051637
315821,156013.886599252
315826,155713.78648871
315837,155692.626892999
315841,155363.377886792
316121,155112.113485871
316122,155107.478658988
316600,154750.569847403
316741,154473.755759994
316801,153911.874017752
317097,153581.564260199
317281,153568.087678017
317430,153046.125362795
317431,152885.231272081
317432,152878.969676545
317489,152806.248271181
317490,152735.241655539
317491,152534.696741383
317492,152273.94587565
317608,152185.967112539
317609,151688.504823272
317940,151447.101051621
317941,151373.398833552
318399,151102.722633498
318400,150602.000932971
318495,150225.07991229
318498,150190.717236459
318499,150176.28978097
319079,149998.623086413
319081,149356.292397422
319141,149106.106027091
319244,148562.613185338
319245,148562.048889141
319296,148509.845172477
319297,148500.610479623
319410,148312.239593993
319411,148244.028330852
319695,148195.242173566
319815,147597.874966303
320221,147033.714813425
320378,146789.708548091
321025,146588.339500456
321037,146454.196087995
321106,145759.545720883
321238,145651.187406158
321239,145648.999795363
321240,145647.574786567
321241,145505.80028068
321646,145325.408926248
321972,145307.790711371
321973,145009.950833549
321975,144890.255762374
322119,144400.7901796
322595,143937.924171344
322861,143402.095358436
322913,143314.103262999
322914,143308.669968794
322915,143301.258039756
322921,143272.28596964
323024,143251.346293476
323025,143240.30425475
323143,142729.858920856
323145,142703.496821621
323444,142090.115502097
323445,142010.552114986
323446,141362.143098368
323969,140816.15516523
323979,140472.73824778
324613,140257.680130561
324614,140208.038713847
324948,140180.757730217
324950,140178.838916537
325257,139658.884212857
325786,139597.859997526
326199,139191.392340108
326235,138644.898444448
326259,138475.264144064
326641,137939.749938696
326761,137558.809884175
327118,137550.234454162
327121,137530.384340731
327298,137403.355816048
328056,137144.361770854
328057,136793.63950098
328059,136454.997396879
328335,136049.145225935
328392,135562.151265188
328393,135440.710046426
328395,135138.503919419
329018,134834.517713712
329688,134295.221710365
329689,134231.783779945
330041,134078.196489013
330042,134009.140744162
330220,133944.152218836
330313,133937.41390105
330314,133937.026317371
330315,133555.709734047
330836,133345.176550871
331017,133292.401157378
331018,133217.093788993
331254,133117.05274443
331726,132870.687603026
331847,132690.36743975
331848,132689.086812264
331965,132614.732928456
332136,132298.313286822
332595,131797.898575985
332603,131771.037267854
333145,131602.654671983
333658,131233.014255154
333822,131153.703579567
333824,130993.975319734
333940,130694.422122793
333941,130691.071118445
334291,130673.006253622
334292,130649.666377551
334295,130554.284903105
334296,130477.862051182
334297,130459.238959053
334826,130303.477635888
335420,130036.483490875
335423,129995.680001298
335625,129895.37019251
335740,129830.621181159
335741,129828.30197736
335927,129792.992031417
335928,129675.163127673
335979,129379.162130146
335980,128842.862997444
336164,128515.536072809
336165,128257.968049511
336391,127675.108478035
336396,127581.266185513
337259,126795.161704739
337551,126717.059826494
337911,126707.365476284
337966,126671.136683665
338026,126367.318302878
338264,126163.758958003
338265,126046.169333226
338562,125843.113075997
338672,125656.749340927
339016,125573.083916514
339017,125504.662243128
339018,125493.610666654
339025,125480.282735164
339036,125478.355658863
339038,125379.737972652
339342,124647.287328724
339344,124269.356318662
339524,124225.151731903
339831,123701.099198734
340379,123063.99776231
341150,123009.784043723
341322,122986.470214789
341577,122555.317366704
341580,122542.596141274
341862,122293.977859131
341863,122262.129724798
341864,121944.422804344
341865,121928.289364039
341866,121748.309249462
341986,121628.818164745
342166,121412.116796632
343133,120930.232169817
343137,120877.929361501
343365,120619.827968781
343799,120390.285844395
344691,120328.57293812
345173,119938.070380618
345175,119934.28105345
345176,119926.20295569
345177,119789.928696433
345952,119749.542935274
345956,119722.040752737
346927,119485.642798446
346929,119471.555722648
346931,119452.895170236
346932,119405.873336009
348537,119193.217273712
348764,119070.366629667
349184,118952.266084935
349797,118951.566911652
349798,118924.789714328
350076,118492.066273629
350572,118373.948188406
351597,118265.498694448
351598,118248.501230954
351653,118201.879925338
352126,118117.806243136
352274,117790.327996466
352334,117543.201459532
354151,117472.475158841
355714,117298.4818438
355841,117192.680411651
355842,117191.676824854
355844,117003.167079341
355959,116880.596501736
356014,116840.393883374
356416,116793.792028878
356974,116613.808303189
356975,116606.329265079
356977,116586.464830671
356978,116483.038971428
356979,116442.005174966
357658,116263.313924179
357769,116075.683353299
357771,116059.459989111
358250,115980.237465839
358251,115951.114206428
358801,115405.019838049
359761,114951.288203084
360120,114518.231597277
360121,114513.734003174
361865,114485.555173632
361867,114452.675768477
365039,114451.412462463
365040,114407.707876822
365469,114314.889807054
365471,114136.547099093
365472,114135.629262648
365473,114123.049171102
365474,114028.430606527
365926,113879.665739167
365927,113830.253443709
366467,113754.152435468
367193,113549.426941408
367397,113255.222405574
367738,113231.30745339
368536,113162.648274767
368537,112934.487490904
369000,112900.79407722
369227,112857.768658798
369228,112850.426259067
369229,112840.052267227
369497,112827.876400843
370217,112762.790449586
370220,112749.679733889
370362,112648.611789489
370363,112647.661590138
370757,112493.579874553
371041,112429.627618313
371101,112169.982972703
372056,112122.745195387
372173,112115.565429532
372174,112110.967319775
372293,112078.150270485
372294,112037.108988245
372652,111948.709331697
372814,111764.758377575
372866,111711.069351287
374401,111542.057881654
376439,111376.826434461
377194,111283.267708684
377315,111212.956059689
377322,111180.365230394
377323,111163.604592247
377685,111148.199626624
378938,110899.831877364
379140,110827.833376136
381916,110754.333755361
381917,110697.756920629
381925,110685.781137825
382522,110625.904194199
382523,110616.975760977
382525,110609.511465781
383760,110535.53576862
384297,110487.366295207
384660,110408.769543101
384661,110394.13340475
385371,110348.217140227
385372,110343.200757669
385514,110236.599608109
385515,110163.004778516
385516,110148.628880706
385517,110144.277069321
385518,110140.197266066
387601,110037.25493958
389345,110006.573587712
389355,109996.874532178
391315,109989.973826378
391316,109981.016739627
391491,109905.366692855
391670,109758.67508649
391671,109750.059817635
391718,109740.637755628
391719,109733.310364029
391720,109727.8587582
391721,109692.264354573
391841,109668.799788847
391842,109667.901610933
391843,109664.700703257
391844,109647.721026781
392143,109617.991963741
393298,109391.61154467
393299,109387.346087462
393649,109363.549526267
395045,109311.371401147
396646,109300.908647581
396647,109297.270922018
398659,109272.502532543
398660,109261.16900041
399976,109241.72351708
400241,109236.118626846
400249,109175.880171949
400550,109137.467041597
401543,109126.01605443
401817,109121.595194732
401987,109082.357355965
402056,109075.716385946
402057,109058.208941025
402178,109025.716921004
403380,109002.528283059
403927,108988.091632816
403929,108986.44814823
405132,108975.077859323
405582,108975.049985305
405637,108959.196494528
405896,108934.931150734
406141,108713.23419458
406561,108667.59191511
407566,108616.221747797
407567,108584.862577265
407568,108579.157719359
407569,108576.931117004
407570,108544.760879317
413105,108517.935267846
413119,108510.654861737
413120,108497.737276566
413269,108461.396494058
414399,108341.760467508
416930,108272.8236493
418487,108239.502868508
418656,108216.660354656
420348,108174.200161713
420939,108157.729135285
422090,108120.804829828
425478,108119.123533137
425479,108101.852861331
425481,108096.904366869
425574,107929.130204422
429596,107907.487326826
429597,107905.430088131
429598,107905.316145347
432351,107883.660426405
432872,107852.195256321
432987,107787.564592997
434695,107637.196621469
440879,107629.202788089
445740,107606.126556629
446240,107593.2797255
451019,107579.587475577
451020,107570.115174112
452769,107566.271919349
452772,107550.785613528
465292,107549.060716608
465293,107544.141564167
466102,107517.694904449
466418,107489.937346669
466419,107465.258765205
467941,107459.524574942
471796,107457.722221194
472009,107455.542342352
472010,107438.341452304
474361,107388.685712792
479734,107380.42643929
479735,107379.488735172
484315,107371.711013424
487190,107366.449375955
487191,107366.306120839
488580,107356.910623669
496976,107335.560722407
501570,107262.485548167
529445,107257.915749365
529457,107254.791018388
531073,107246.449719505
531074,107244.950353588
531077,107240.193170465
531084,107236.175071382
531085,107235.671990263
542370,107218.209096261
544297,107211.759445497
547302,107194.925024596
559977,107194.048165095
566581,107192.042400857
568325,107191.884189418
568329,107191.413187398
578160,107181.24124206
579036,107177.925573629
579148,107177.192705193
584420,107158.057095276
585324,107147.985689707
592842,107113.500483208
592843,107113.473641639
598239,107089.591122836
598241,107080.935396106
601825,107080.390634558
601826,107078.833437181
601827,107078.666516966
601831,107078.360016853
601835,107074.511212659
601836,107073.106249901
607844,107072.37863285
627143,107067.778204445
631817,107065.020499357
632556,106955.52494276
632557,106949.33378286
648770,106946.556456158
648771,106946.532361152
652369,106944.974002857
655978,106932.017382249
655980,106931.776519833
655981,106931.755820265
675725,106929.631012319
678861,106926.375877324
686553,106902.836648703
686554,106902.663124595
686555,106902.363974344
690160,106902.086880388
690162,106902.073118692
690166,106901.564046233
690168,106901.539407327
693757,106886.595234355
693758,106885.877270818
693769,106883.430260025
693770,106883.008051275
693771,106881.914988163
695548,106881.2199416
695549,106879.934529689
695550,106879.335114635
699175,106875.940876791
699176,106875.938045302
699177,106875.913419265
700929,106875.74379857
700931,106875.740033795
700933,106873.019558404
700934,106873.016027326
700935,106872.90634992
700936,106872.825611403
700937,106872.824227998
700938,106872.500381774
700940,106872.497336289
700941,106869.692859575
700944,106867.558375438
700945,106867.453165049
718278,106858.877618266
718279,106858.819968821
722803,106858.421212127
722804,106858.384075492
722805,106858.37230059
722806,106857.915497244
722808,106857.198597515
722810,106856.251333148
722814,106856.029812556
729092,106854.29180037
729093,106853.326207053
729094,106852.434651646
732675,106846.145436031
732676,106846.106963729
732677,106845.329532802
752505,106844.847522116
753793,106840.598385142
759232,106839.07733622
759234,106839.069828958
759235,106838.587858451
759236,106838.468328414
759238,106837.888596474
759239,106837.886582
760991,106837.06624284
761901,106833.919995634
762812,106833.68375686
762813,106833.668007732
762814,106833.578996047
762815,106833.149029821
768203,106830.272240206
768204,106830.26190732
768205,106830.138707519
768206,106829.77274275
775393,106825.560903144
775394,106821.60393692
777208,106819.221897621
777217,106819.214072894
777218,106819.147142214
777222,106818.638658152
777224,106818.629022019
777225,106818.624231251
777228,106817.173070695
778989,106816.046479402
778991,106816.001148628
782593,106811.761197506
782595,106810.101330176
782596,106810.099321
782597,106810.098059016
782598,106810.055512549
784393,106807.685731961
784395,106806.860543372
784396,106806.859140247
784397,106806.858256989
784398,106806.828577504
786222,106806.791817233
786223,106806.789963526
786226,106806.788459408
786227,106806.785308192
789793,106804.700752559
789795,106804.59476588
789796,106804.594286342
789797,106804.593983453
789798,106804.583857572
789800,106804.448415383
789808,106803.869739391
789810,106803.865335338
789811,106803.741125235
789812,106803.674780063
789817,106803.557648228
789818,106803.531933651
789822,106803.357712941
789823,106803.356804874
789826,106803.356084155
789827,106803.354540471
789828,106803.306769258
791593,106802.466977031
791595,106802.412197509
791596,106802.411862023
791597,106802.411650008
791598,106802.404567831
791600,106802.310190331
791608,106802.086487683
791610,106802.083429176
791611,106801.997407953
791612,106801.956254726
791617,106801.895202929
791618,106801.877249398
791622,106801.75873438
791623,106801.758098783
791626,106801.757597568
791627,106801.756517073
791628,106801.723639111
792463,106800.331272998
792468,106799.200768408
792469,106798.972790578
792474,106798.93767588
793400,106795.44427442
793408,106795.376554135
793410,106795.374425101
793411,106795.31466391
793412,106795.288447965
793417,106795.255972546
793418,106795.243427944
793422,106795.162152776
793423,106795.161707882
793426,106795.161358643
793427,106795.160602337
793428,106795.137863089
795185,106794.621758569
796055,106794.062750757
814052,106792.859638788
814053,106792.858030613
814054,106792.802810422
814055,106792.687459803
814056,106792.677170975
832670,106782.347303174
838067,106780.857523673
842175,106774.160013055
